"V1" "V2" "V3"
"1" 1.62114166647493 2.5539221188688 9.15061849202844
"2" -0.200433929401347 1.17558773064176 1.42218027249071
"3" 1.88717645362055 2.23953724731913 8.57696204922956
"4" -0.117083247134297 0.510763980362881 0.274588330395644
"5" 1.55935275104197 3.72143291062429 16.2806439104597
"6" 1.51232107651334 2.49558857374038 8.51507736784998
"7" -0.324356043493062 0.0324043673278809 0.106256885972393
"8" 2.11841580723372 0.285271541092198 4.56906538449482
"9" 0.902032035619958 0.686099201122454 1.28439390706555
"10" 1.55968895544152 2.53610880961477 8.86447753193188
"11" 1.02101359099074 2.63097803277238 7.96451416191862
"12" 2.63903896199559 3.41380725070499 18.6186065878967
"13" 2.73793936298454 2.97362442002263 16.3387541467351
"14" 0.0840896423650671 0.19013032268922 0.0432206075589917
"15" 1.82904826596785 2.72273037720664 10.7586782662038
"16" -1.56678490632676 -0.935525461810601 3.3300228323893
"17" -0.36705527682721 0.0153151457289497 0.134964129935399
"18" 1.63552795502138 3.28566062471713 13.470517432473
"19" 1.35399078213633 2.51061703993866 8.13648895934053
"20" 1.12680537164578 0.0110057840265428 1.26981147285183
"21" 1.94256602079812 3.26706358309099 14.4472672011188
"22" 2.99736409271147 3.79198642340869 23.3633525395919
"23" 3.28289284140201 5.03634007476282 36.1421067567905
"24" 2.08062293245032 3.14617729764784 14.2274233752728
"25" -0.078814733653734 1.76676973436899 3.12768705652318
"26" 1.63932767077611 1.65933657685662 5.44079308746644
"27" -0.114542615141668 -0.929365352526342 0.876839969159904
"28" 0.419578508324136 -0.299054829131931 0.265479915474636
"29" 3.59260258513439 4.61908149887198 34.2427072279357
"30" 0.944816741678239 2.23454882639868 5.8858871329152
"31" 1.2888801534754 1.94835969688504 5.45731755846873
"32" 1.96822491625299 2.37394856173457 9.5095410947207
"33" -1.19989756666098 0.287165801327503 1.52221836793101
"34" 3.00870953631948 3.31529355435807 20.0435044255079
"35" -0.383949519575492 -0.570389736477798 0.472761685061463
"36" 1.97395902156749 3.23088457610751 14.3351293629571
"37" 2.3221366015916 2.60870054972794 12.1976369546022
"38" 3.10315230241197 3.82406022298937 24.2529908010142
"39" 0.302697383251709 0.703803659111155 0.586965296405683
"40" 1.78581044260914 2.7106520677211 10.5367535691726
"41" 2.03495354192254 3.03920917840616 13.3778283478913
"42" 2.43294404436242 3.61953954511483 19.0202832416487
"43" 1.12674975549628 1.49553729916299 3.50619682469865
"44" -2.09495087419734 -1.00679161418742 5.4024485196983
"45" 2.29072646820535 3.6362282044618 18.46958330706
"46" 0.6272529446733 1.8383357965806 3.77292475759097
"47" -0.150141234525151 1.437702758509 2.08953161212912
"48" 0.23270898852845 1.09013587324421 1.24254969547584
"49" -0.02255825534948 -0.933273994916168 0.871509224471197
"50" 1.68550089382235 1.71094855322647 5.76825821486369
"51" 2.00838148958363 2.66934227761743 11.158984402778
"52" -0.0489612856050811 0.613188164756277 0.378396932885274
"53" 2.6371285207918 3.70780936039753 20.7022970882251
"54" 3.56270499611547 3.9041559482188 27.9353005573583
"55" 0.665821107656437 0.110673548729023 0.45556638178912
"56" -1.1609867098734 -0.924009956565011 2.20168454033394
"57" 1.10282354580937 2.05541869362573 5.44096577929768
"58" 2.01379098287442 3.95587262929483 19.7042823819103
"59" 2.51512224738827 2.83719109935679 14.3754932535768
"60" 2.30368502862119 3.07781375499582 14.7799022215349
"61" 0.238201749862164 -0.501583277653925 0.308325858059451
"62" 0.218535766889705 1.17422693220993 1.4265667697372
"63" 3.17428628915278 4.16032428250795 27.3843915811286
"64" 1.34576586951203 0.766111504044915 2.39801261217344
"65" 0.919844693649365 1.38531935842379 2.76522398525859
"66" 2.2007978965772 1.89583926238307 8.43771789037183
"67" -0.842848593867267 0.688661373416059 1.18464823941932
"68" 0.132600802602406 0.238981816836841 0.0746952816294394
"69" -0.875046692386687 -0.159922243192009 0.791281837724446
"70" -1.17803133965341 -1.90262053972792 5.00772275540016
"71" 0.662796396446658 0.611166845293934 0.812823975929214
"72" 1.97313854987033 2.41798243898877 9.73991481224245
"73" 1.55265312419836 2.15653499454026 7.06137490675967
"74" 1.33213321878954 2.64284014937164 8.7591829677333
"75" 0.767546944902597 0.852309262175929 1.31555939102019
"76" -1.12030134345252 -0.0542367420780051 1.25801672433275
"77" 0.465118579293597 0.465995706028766 0.433487290841342
"78" 0.988547700967248 1.5804384263317 3.47501217651344
"79" 1.52664833050928 2.66174107672802 9.415520684588
"80" -0.161725567628596 0.957402037970156 0.942773821534199
"81" 0.686110956551921 2.30058170065629 5.76342440609519
"82" -0.22207783409074 0.049302722776057 0.0517493228675671
"83" 0.431687965598267 0.667631644017395 0.632086511735741
"84" -1.26164226635919 0.83210830213898 2.28414543475256
"85" 1.87899925620566 2.63589045037652 10.4785566712076
"86" -0.115455518923231 1.37333637259215 1.8993827691344
"87" 1.1609457618567 1.70365125464547 4.25022265942812
"88" 1.81852477063383 2.96974887239435 12.1264407064963
"89" 0.120031798497591 0.964019491596582 0.943741212828699
"90" 1.3025166223642 2.4127320812351 7.51782564735613
"91" -0.211456791450874 -1.10278987490733 1.26085948284882
"92" -1.44496692922151 1.23548787192402 3.61435970821518
"93" 1.55140454649492 1.7654465757397 5.52365767867611
"94" 1.76514853408622 2.47910185020413 9.26169533107227
"95" -1.49928200703423 -0.219525412741771 2.29603794345603
"96" 0.7271218406849 0.73727548314893 1.07228130925348
"97" -1.8346575809371 -1.35871658228462 5.21207919026517
"98" -0.99527505055063 -1.15637420735452 2.32777373368335
"99" 0.408126043122731 0.443607640945807 0.363354606180521
"100" 1.80965608214195 3.55613178255354 15.9209283905208
"101" 1.01504923709062 0.592353942520267 1.38120814693755
"102" 2.64612263857678 2.97921871609011 15.8777091766902
"103" -0.144331061665908 1.1380829051258 1.31606415430119
"104" -0.235542990156547 1.43822610737333 2.12397483614212
"105" 0.937300215695823 1.13895659972503 2.17575383040065
"106" -0.0671352431384637 0.666223909426118 0.44836143836228
"107" 1.84655178562035 2.75089857536814 10.9771964689402
"108" 1.69477355040179 2.62751584395854 9.77609689739465
"109" -0.17353938374448 1.4238073291541 2.05734322826335
"110" 2.19240823969501 3.38375216412477 16.2564325977016
"111" 0.28086220614797 1.23496606500043 1.60402476054495
"112" 1.76828445628239 1.99623223280888 7.11177304563505
"113" 2.4456773801464 0.546873208820734 6.28040815428563
"114" -0.311685146867356 0.984256334435363 1.06590816265386
"115" -0.0581420488566357 -0.401871840358152 0.164881473918096
"116" 0.0502018669666723 -0.125264238042167 0.0182113567792241
"117" 1.84688307552495 2.53264770902244 9.82528151267711
"118" 2.5724051198671 2.96080126195348 15.3836122135038
"119" 1.71581695301955 2.38988444280368 8.65557546622433
"120" 2.1251885331838 3.07084093424416 13.9464903450054
"121" 2.10366317421018 2.81959039321028 12.3754887360117
"122" 0.301073868595359 1.90726680322966 3.72831213305287
"123" 1.00296999214305 0.195334534722135 1.04410438559453
"124" 0.159645541362402 0.784896833370264 0.641549737911562
"125" 2.75473010964912 3.89664522492801 22.7723819859618
"126" 2.90116268622614 4.14342037412686 25.5846773286804
"127" -0.235959848427698 0.346971051751127 0.176065960823306
"128" 1.6314473555804 2.61959809060591 9.52391463033638
"129" 2.30725210852876 3.11394926116316 15.020092293409
"130" 2.5735907935827 3.44238425346907 18.4733789213455
"131" -1.13232675665715 -0.824271542825983 1.96158746015443
"132" -0.452676848388159 0.206558534390144 0.24758275719604
"133" 1.77541087468519 2.22765624259883 8.11453610913999
"134" 3.32702127856769 4.0629574570432 27.5766938857851
"135" 1.48034006202362 2.53978626942803 8.64192099360727
"136" -1.31343818804569 -0.0167356966609148 1.72539995735947
"137" 2.1132197528179 2.94839666000403 13.1587405884227
"138" -0.165072696289539 -0.684485655896104 0.495769608187818
"139" -1.12775203762904 -1.69990898509312 4.16151521597678
"140" 1.26374535354834 1.66273482897377 4.36173943009745
"141" 3.12431438889253 3.41552663108415 21.427162568286
"142" 0.110474340129305 0.856310620489904 0.74547245859081
"143" 1.47105460759734 1.65005849521504 4.88669469616467
"144" 1.67130475264166 2.09748557319589 7.19270530596748
"145" 2.44665229605961 2.81469448627377 13.9086125088737
"146" 0.975600031355313 2.97377948411333 9.79515984131382
"147" 1.49553296172398 2.60264385603611 9.01037388096538
"148" -0.157673454789165 -0.596063312615328 0.380152390991109
"149" 1.190674400576 2.10189916763385 5.8356856390869
"150" 1.82062649516757 3.04094527173338 12.5620289805837
"151" 2.39311905862198 3.40977376745372 17.3535759739553
"152" 3.43943420056379 4.19529495352394 29.4302073670713
"153" -0.0710025076719446 -0.0355705070073902 0.00630661706446734
"154" 3.45951524406629 4.30545699995212 30.5052057023638
"155" 0.663968877599905 -0.0861899643101122 0.448283380369056
"156" 2.16547189801119 2.82930194201662 12.6942180201752
"157" -0.648255390546284 0.236325709167491 0.476084892185832
"158" 0.99166943828269 2.03362798185273 5.1190510433983
"159" 1.91570710972348 2.56998111334629 10.2747366532017
"160" 2.44204356386359 3.70645803645467 19.701407943807
"161" -0.764608053957679 -0.538943280623869 0.875085335906568
"162" 0.831510525904456 1.4507157234561 2.79598586497266
"163" 1.13103246363467 1.48049720661831 3.47110641260013
"164" -3.02174552122379 -1.88418166870093 12.6810865557046
"165" 2.21941788881584 3.13049382453744 14.7258073506628
"166" -1.073202438523 1.25054837132105 2.71563470306545
"167" 2.35567588109763 2.82625976032868 13.5369530896382
"168" 1.53332864392541 2.38512266203382 8.03990684322945
"169" -0.984914577152315 0.733375716391896 1.50789666568045
"170" 0.248189739736914 -0.493773625254385 0.305410539907535
"171" 0.350287472147713 0.476102462776464 0.349374868205449
"172" 0.471300924112469 -0.197181524514714 0.261005114679214
"173" -0.347733627691548 0.987971132431385 1.09700563434528
"174" 0.537241382900003 2.0607797039644 4.5354412917719
"175" 0.962893136595362 1.4479642930782 3.02376378653191
"176" 1.86856642328173 2.33507100540962 8.9440970785206
"177" -0.262726014342212 0.749700616848557 0.631075973515251
"178" -0.28910079162179 0.27114927755565 0.157101198435297
"179" 2.60340166360987 4.15620648795265 24.0517525925863
"180" 1.76489250733923 3.95168144010282 18.7306317665153
"181" 2.63687202235481 3.99504236696582 22.9134575761294
"182" 1.42553350764033 2.72581665346152 9.4622222096935
"183" 1.29835369995005 3.20526893574418 11.9594712806206
"184" 2.9421798446212 3.80760240471441 23.1542583104822
"185" 2.04867964017396 2.95326688543776 12.9188735646865
"186" 0.588710475073905 1.7019763293149 3.24330344900996
"187" -1.34488707998848 0.0617373753631891 1.81253276143667
"188" -0.199389968912891 0.584512842507389 0.381411622759151
"189" 1.10359749507414 2.91161826734892 9.69544836589382
"190" -0.412239819002665 1.93797190068043 3.92567675619828
"191" 2.11385197598381 2.90908143170679 12.9311249526719
"192" 1.8218553625621 2.37779204428155 8.97305196794492
"193" 0.781756022962272 -0.630733806790433 1.00896761446614
"194" 0.884185183454239 1.09838657659273 1.98823651027911
"195" 0.861689739041304 1.90389755573154 4.36733510908962
"196" -1.76844601056292 -1.08340816908482 4.30117455311562
"197" -0.810090281495011 0.363088373137046 0.788079430879972
"198" 1.25809369620686 2.25327806576891 6.66006179011071
"199" 0.241862273818471 1.34962337694666 1.87998061909755
"200" 2.58221172292718 3.55510607047994 19.3065965543859
"201" 4.02813047391735 4.65143068011689 37.8616424868343
"202" 1.60338393537348 2.64894967159652 9.58777440686506
"203" 1.93766764783032 2.53610302940922 10.1863744892269
"204" 2.39979756721464 4.0231799774557 21.9450054946098
"205" 0.630031873176012 0.507498748843477 0.654495141295369
"206" 0.871570312158062 0.328814260389323 0.867753626870679
"207" 2.64492003450769 3.42666762542548 18.7376530040793
"208" 0.984752961554303 0.412448579509645 1.13985222602949
"209" -1.70980704364374 -0.506342533197622 3.17982288741874
"210" 0.166168711555831 0.398495615096242 0.186410795951057
"211" -0.0295755117066674 0.312742842785632 0.0986827966063499
"212" -0.392928051837358 0.52289486735529 0.427811496227209
"213" 1.4161280013304 2.64783823579741 9.01646583910278
"214" 3.00052220450391 4.89379278213521 32.9523412941997
"215" 0.857473698771126 1.3129092079759 2.45899173247215
"216" -1.21173400413197 -1.16032196819157 2.81464636663765
"217" -0.455797583167555 1.88223485058181 3.75055946956612
"218" 0.0747806401543079 1.76300695078731 3.11378565266626
"219" 0.675122321597277 1.9918895281664 4.42341404153786
"220" 2.85302610459254 4.40982051386207 27.5862749179652
"221" 0.693202144644874 0.729419812496924 1.0125824762033
"222" -0.960647774183732 0.514381042697811 1.18743200313105
"223" 1.88245640606737 2.75970512082282 11.1596144746398
"224" 0.119357692006713 1.17518607766059 1.39530857576846
"225" 1.28148559748493 2.2992143193871 6.928591823036
"226" 0.284400200590292 0.0411823293853626 0.0825794583494031
"227" 0.209944406185333 1.56354226592853 2.48874107103345
"228" 1.11843579390871 0.479000006046779 1.48033963088903
"229" 2.30205608701442 3.14294669756293 15.1775761714819
"230" 1.07606169470565 1.08951123754862 2.34494350755754
"231" -2.13304962087099 -0.560152705900971 4.86367173902607
"232" 0.85654198663834 -0.375654388563859 0.874780394521641
"233" -0.262049893747824 0.417841372588964 0.243261559460275
"234" 2.76097371313383 3.75523074850366 21.7247338191234
"235" 2.53473934327026 3.42251695962564 18.1385258772473
"236" 0.443371665028634 2.42580284939016 6.08109789745966
"237" 0.0450187835052019 0.787685458483524 0.622475072374688
"238" -0.551926833513145 0.388533597103284 0.455581585629864
"239" -0.0278080302234752 -0.0734667562739363 0.00617065082232367
"240" 1.2192537012158 2.08912188682034 5.8510098459202
"241" 0.436640858154406 1.44438777215005 2.27691127534641
"242" 2.22546566461142 2.85524226302662 13.1051058049377
"243" 2.11766429513472 3.213904216182 14.8136823776809
"244" 0.73383956325413 1.73490679922709 3.5484221066014
"245" 1.85621445832362 1.53699169141044 5.8078755747544
"246" -0.106135533653465 1.73467358404073 3.02035719467261
"247" 0.165203847658689 0.487598784314959 0.265044885746662
"248" 1.46599021908054 1.25861455522428 3.73323792106222
"249" 1.16665269832351 0.321954023683143 1.46473291187129
"250" 0.602251501537536 1.90507284858098 3.99200942950466
"251" 0.76134962085164 0.274766476972421 0.655149862038772
"252" 1.92760556821592 2.89287717794275 12.084401593279
"253" 0.487508920206599 0.549454646647004 0.539565356002988
"254" 0.0697805194843894 0.245390978899122 0.0650860534245805
"255" -0.956515575355008 -1.32707329292404 2.67604557068898
"256" -0.315544678748746 1.05077554474399 1.20369768971868
"257" 0.948612146427664 2.39062138292902 6.61493560086755
"258" 1.5068795235306 3.05444131217301 11.600297627945
"259" 1.15622425665958 2.01529937512491 5.39828610306684
"260" 1.43690836931144 1.61821387873943 4.68332181914218
"261" 2.18236896074476 2.76977621681331 12.4343945720468
"262" 0.748115466780131 0.504920420070197 0.814621382239518
"263" -0.147311215135764 0.591375622410988 0.371425720886758
"264" 1.123311143712 2.16413439008027 5.94530558391566
"265" 2.50402251388933 3.19960984141465 16.5076318873421
"266" -1.0001540828597 -1.17846075260453 2.38907793489016
"267" 1.85963927453469 3.74740825237418 17.501326841354
"268" 2.18038674396236 1.13014232557939 6.03130802931277
"269" 0.35397736572097 0.796359830882457 0.759488955685893
"270" 2.74182270208111 3.11418858364895 17.2157622641768
"271" 2.13468596662243 2.57981505927049 11.2123299161335
"272" 2.03236352052091 2.90411822372281 12.5644041369031
"273" 2.91962268488096 3.74463368377529 22.546478047736
"274" 1.17039936759388 1.68554083120892 4.2108825733366
"275" -0.823370265136326 -0.0869396316218525 0.685497093057207
"276" 1.71084148327128 2.62290724996642 9.80662102280829
"277" 1.17143489357569 2.67858429803539 8.54707355156845
"278" 0.305036541889878 -0.0117110878918841 0.0931844414677469
"279" 2.60137706489042 3.02751085128009 15.9329845883566
"280" 2.07198465648007 2.5938901552136 11.0213865540029
"281" 1.33939873056694 1.98919742575246 5.75089535806454
"282" 2.15543032493126 2.39046417031075 10.3601988351727
"283" -0.381702660958655 0.242616218733833 0.204559550975621
"284" -0.672245644486758 1.81754473684971 3.75538307698151
"285" -0.648927696446659 1.07029259494861 1.56663339401739
"286" 1.418730003758 3.30834681050269 12.9579534421265
"287" 2.16338273737426 3.94651236505959 20.2551847159372
"288" -1.98224010229248 -0.155183891462965 3.95335786330608
"289" -0.587455328040607 1.62683806377528 2.9917058481914
"290" -0.294649488667911 0.544646237485037 0.383457845178868
"291" -0.814112875794406 -0.695199063855046 1.14608151291917
"292" -0.265853877231401 -1.15007789533463 1.3933574493763
"293" 3.42530669214756 4.20309790758889 29.398757956049
"294" 1.32628724168375 2.89895360937988 10.1629698767897
"295" -1.80592700639714 -1.04755762063974 4.35874932099493
"296" 1.91670943115501 3.31450601257508 14.6597251508749
"297" -1.58563427936231 -1.0622495113122 3.64261009217185
"298" 2.1280859555168 2.4332786604975 10.4495948737003
"299" 1.40433854113107 2.55031025355841 8.47624912751127
"300" -0.788024561835387 -0.87971990509356 1.39488982147368
"301" 0.359905794000694 1.40055707317095 2.09109229576445
"302" 1.3621843498166 3.33897631248067 13.0043090181923
"303" 1.83087939165054 3.21981715739368 13.7193418738174
"304" 2.38271571126036 3.28056935167485 16.4394694318353
"305" 0.569636939281206 0.623907349807223 0.713746623737133
"306" -0.0473791103408481 -0.0624696900950641 0.00614724227726361
"307" 1.36655577151243 2.6054692130565 8.65594449683921
"308" -0.152190892434889 0.288626528999194 0.106467340982251
"309" 1.57279155901065 2.6944816734229 9.73390477650701
"310" -1.87117703645833 -1.03368758134226 4.56981351759021
"311" -0.663172687197332 -1.1280218287324 1.71223125914131
"312" 2.78702264285766 3.63237527582931 20.9616453562574
"313" 2.68411822933014 3.57054112155682 19.9532545697506
"314" 0.255489591738299 1.31491006408265 1.79426340811244
"315" 1.16277905247007 2.04232290638032 5.52313797878894
"316" 1.93781986809711 3.27783687567001 14.499360424694
"317" -0.171878100733322 0.907568602930313 0.853222850536574
"318" 0.481435217927657 2.27005673135599 5.38493743263571
"319" 2.6297124150457 3.68668009652418 20.506997519953
"320" -0.694202351889319 -0.360146969375309 0.611622744918881
"321" 1.03289793466475 1.85059000837442 4.49156152252992
"322" 0.506570020543978 1.24833934476476 1.81496430540163
"323" 1.98257306186531 0.589029658687286 4.27755188444723
"324" 2.5839441967425 3.75134558077354 20.7493612782684
"325" 0.562327235489471 0.793429592255467 0.945742437639908
"326" -0.291354045100852 -0.425186902837177 0.2656710819409
"327" 2.94479940836081 4.58306789452249 29.676354881285
"328" -0.859120637168208 0.362491477989863 0.869488340823584
"329" -1.36541889724337 -0.335737321120932 1.97708831374276
"330" -0.690592185560852 1.32873348931486 2.24245025238454
"331" -1.22605148526856 0.0897646788599788 1.51125994210008
"332" 1.33775176382926 1.09401409823172 2.98644662875805
"333" 0.547504733755597 1.18363896918979 1.70076264286945
"334" -1.47986091652159 -0.540190990213402 2.48179463815586
"335" -0.391111500227899 0.270272316024007 0.226015330419498
"336" 2.22752683414035 2.69651406225462 12.2330638847522
"337" 2.10807978829472 3.34675097974658 15.6447425142514
"338" 2.08681547280364 2.85962015679461 12.5322262586787
"339" 1.73963050942702 2.97339828096328 11.8674116465647
"340" 2.18783648586464 3.10802502026869 14.4464480154968
"341" 1.63269966791433 2.52177581940108 9.02506148892355
"342" -0.302506170139957 -0.92711555426202 0.951053233927318
"343" -1.76494604276539 -0.476817604587677 3.34238956191794
"344" -0.361525607723865 0.836077040361636 0.829725582459982
"345" -0.554013114380497 1.27314386946651 1.92782584326574
"346" 1.29089259374691 2.20898887767945 6.54603555030213
"347" 1.34040599665312 2.46489863478134 7.87241351561057
"348" 1.77983864063296 2.82063800855243 11.1238243619808
"349" 0.919070979520011 2.32854432066083 6.26681011867767
"350" 0.285594133841142 0.488576150822527 0.320270664437028
"351" 0.275362841333087 1.63042040065637 2.73409537726351
"352" 2.54394517246964 4.03899653478637 22.7851500485479
"353" 1.97871992780843 3.22439105164822 14.3120302066553
"354" 0.243379566584633 -0.015324412251136 0.0594684510417665
"355" 3.18188774892683 3.69466176375646 23.7749351953346
"356" 2.61268928806919 3.39443453968391 18.3483311601906
"357" 2.79305555779145 3.40399989130249 19.3883746088971
"358" -0.561975269677512 1.24737279459987 1.87175509243701
"359" 1.96006362577376 2.72746841118473 11.280933351092
"360" -2.19951816375642 -1.6330832497993 7.50484105346944
"361" 2.55522301983332 3.09732105594978 16.1225624047159
"362" -0.554404443303619 -0.043350161261634 0.309243523236205
"363" 0.200176395909156 -0.256911094451216 0.106073899931301
"364" 1.54181057573843 2.63733806222453 9.33273190591712
"365" 1.27157825159589 2.09087279646748 5.98866030093941
"366" 1.85484089747048 3.30778881418967 14.3819015942074
"367" 4.80346598747199 5.06953058933259 48.7734258889791
"368" 1.21504482414086 0.788532475552739 2.09811738967282
"369" 2.57265294139266 4.2747025136404 24.8916247369799
"370" 0.612279171590885 0.616614619090987 0.755099372440744
"371" -2.41381324328361 -1.08197732372581 6.99716930250823
"372" 0.993649247953068 2.38017948741004 6.6525932202452
"373" 0.93901853098805 0.223579652992991 0.931743662771421
"374" -1.32028654838127 0.564643117712129 2.06197842021621
"375" -0.840214794085546 0.569473980027191 1.03026151412823
"376" 2.51695900187117 3.26883559805162 17.0203687841898
"377" 0.415506482318325 1.86002652056506 3.63234429405392
"378" -0.351193682050338 0.65779999308098 0.556037833209412
"379" -0.455221936072411 1.08207773778177 1.37811924168443
"380" 1.88971310568946 1.54792447325596 5.96708579671924
"381" 0.994612216439563 2.33890082909717 6.45971054944227
"382" -0.00762498578035326 0.15302009918708 0.0234732911633745
"383" 0.0147608692442502 0.154750915406539 0.0241657290800077
"384" 1.18943676917317 1.02505365320743 2.465494819815
"385" 1.6032568633005 2.60063731050884 9.3337469905308
"386" 2.11330708200366 3.52356399933355 16.8815700802463
"387" 2.89090053471889 4.01440100368859 24.4727213200539
"388" 1.55264611695423 2.62204846150299 9.28584809896322
"389" 0.68699041250169 0.477923447367861 0.700366648413223
"390" 2.19360952320749 3.3711615962446 16.1766532483011
"391" 2.44565825478883 2.91856104646693 14.4992428811709
"392" 1.46998809168432 2.2814660841922 7.36595248301299
"393" 2.22772499069642 3.95067977217421 20.5706292964398
"394" 1.26815860389299 0.506617394599155 1.86488742913825
"395" 0.838578870336687 0.551314820071457 1.00716255260558
"396" -1.86501530274562 -0.0416908840591387 3.48002020928896
"397" 2.72512263480284 3.29609710282328 18.2905494859548
"398" 3.02117612378611 4.28063015756373 27.4512997167793
"399" 1.22413645123299 1.36791680094207 3.36970642553687
"400" 0.101396910796574 1.04033537942227 1.09257903519676
"401" 1.69292437977732 2.52804373007937 9.25699805683806
"402" 0.809683260722365 1.70110342047319 3.54933982983959
"403" 0.865927152763489 0.632553799820805 1.14995414356082
"404" -0.14444323822955 0.730209547315552 0.554069832061022
"405" 2.49293478469225 3.65059266929415 19.5415506778328
"406" 2.24748336888258 3.16594397368371 15.074382737908
"407" 0.550172261297599 0.483949740340045 0.53689686827651
"408" -0.154201246693194 -0.72857249098268 0.554595899098443
"409" -0.179016841821165 1.72749695429602 3.01629275675764
"410" 2.01594299149453 3.22582597391282 14.4699793589265
"411" -0.426228936304841 0.0980246348555996 0.19127993518213
"412" 1.28714041694529 2.39637798857861 7.39935791707815
"413" -1.06283846316103 0.572973245591869 1.45792393893857
"414" 3.32412769992694 4.0329312642701 27.3143595477488
"415" 0.408547346034098 1.34579935372107 1.97808683442755
"416" 1.01826406769901 1.95739286075753 4.86824852291149
"417" 0.286691737935823 0.324360814482704 0.187402090572546
"418" 2.12153177318884 3.16128590563274 14.494625641802
"419" 2.15957039878827 3.37389181646935 16.0468902965614
"420" 0.766573691187571 0.604906952942553 0.953547645739181
"421" 0.405909867272668 1.99428824128157 4.14194840966326
"422" 1.82092681390885 2.1623379643766 7.99147993379659
"423" 1.41001068624988 2.68623281600428 9.20397687711717
"424" -0.903463635329531 -0.780770151287357 1.42584856950413
"425" 3.35537506099505 4.2614486642405 29.4184865179047
"426" 1.03934100831953 0.0756435104830302 1.08595167225286
"427" 2.37778540611522 2.74518725213453 13.1899164868165
"428" 1.3833495689636 2.4792297819527 8.060236341673
"429" 1.69978173179338 1.30041095108463 4.58032657743932
"430" 1.21019787745945 1.71796388498919 4.41597881273452
"431" 0.485562638012929 0.264526245435358 0.305745209958202
"432" -0.974961608601035 0.980514770380621 1.91195935318048
"433" -0.0860923146713286 0.043075868708878 0.00926741711049156
"434" 1.07927926644161 1.06693931789811 2.30320324304761
"435" -1.08497000314578 1.78738009755298 4.37188752085468
"436" 1.13522182463033 1.13314480314193 2.57274573600458
"437" -1.51308841614019 1.01085460484214 3.3112635871882
"438" 1.71154720029743 2.88374254724107 11.2453648976144
"439" 1.17756604586135 1.94200939327165 5.15806227592086
"440" -1.40986719909749 -0.0945592247539822 1.99666696607706
"441" 1.13689177224838 1.43755762695052 3.35909483260966
"442" 0.126098382552997 -0.50554914874176 0.271480743876
"443" 1.77313321690659 2.92214314838448 11.6829219845479
"444" 1.25646546425392 2.5225884432058 7.94215791665827
"445" 2.62643260434691 3.6507249281838 20.2259407264391
"446" 2.95771103315583 4.21132657308775 26.4833260608467
"447" 1.54380674692448 2.33629488529727 7.84161306291573
"448" -1.6001180844676 0.797499258622501 3.1963829517437
"449" 2.1028721780059 1.77871438774595 7.58589627020573
"450" 1.48886622594102 1.74863725274303 5.27445488042852
"451" -0.580701217061515 -1.4706478802691 2.50001909123673
"452" 3.13273580027293 4.6313262690316 31.2632166045339
"453" -0.0632499245669941 -0.238096803812479 0.0606906409434485
"454" 1.72438380875209 2.82299738496933 10.94281375543
"455" 2.03472630204477 3.74798099765173 18.1874726829912
"456" 2.18620334223996 2.73423099431361 12.2555041838864
"457" 2.25170726844772 3.76053347784305 19.2117976607586
"458" 0.987575196041611 0.20368144342468 1.01679089823219
"459" 0.0902248916821702 -0.0419771549579198 0.00990261261742054
"460" 0.437795944132764 0.518773563149409 0.460791298521832
"461" -1.14448703179228 0.262953323742109 1.37899501640773
"462" 1.31692031494238 2.85070641640292 9.86080618842875
"463" 1.23218973895641 1.84811804021449 4.93383184335571
"464" 0.609898468300761 0.487754345518497 0.609880443207792
"465" 2.68204409409663 2.91777973211612 15.7067990878262
"466" -1.19102840633514 -0.313398236162358 1.5167671191269
"467" -0.710776602871663 -0.0206178315512997 0.505628474167659
"468" -1.31114324874539 -1.13001977136802 2.99604130241324
"469" 2.61004056895041 3.7258175396216 20.694028110119
"470" -1.36174896218526 0.0540577495691287 1.85728247630112
"471" -1.92884620994101 -0.846932946283539 4.43774311710432
"472" -0.263867702003318 1.34905253076456 1.88956889492277
"473" 3.01902540195549 3.86698731921428 24.0681053046165
"474" 0.16252473451094 0.750031395021669 0.588961382846002
"475" 1.07950509751973 1.28044144250766 2.80486154326219
"476" -0.807904095986247 1.20140332454558 2.09607897654054
"477" -1.13575381651698 -1.32156582200259 3.03647295361828
"478" 0.0711581236196578 1.02403341904408 1.05370792187618
"479" -1.07574057134138 1.11359500982953 2.3973116227471
"480" 2.6695039220383 4.53856734780497 27.7248447603393
"481" 0.504332254291806 -0.153488426012486 0.277909719638845
"482" 1.81181162875557 2.45243173814214 9.2970828083408
"483" 2.2765705875892 2.74062598544073 12.6938044323492
"484" 0.3573326961608 -0.163092069041683 0.154285678729844
"485" 1.60693873634498 2.21959428542671 7.50885089426492
"486" -0.426257581915564 -0.438770269035243 0.374214875129763
"487" -1.0724722486893 0.0949340445761707 1.15920919702828
"488" 1.84927468344546 2.78106317950494 11.1541292632304
"489" 1.25026128432231 2.6331722190489 8.49674921424617
"490" 0.733690184521259 0.318532782655805 0.63976442048929
"491" 4.14803273506642 4.28012287119175 35.5256273636813
"492" 2.21224551927978 2.97258935817308 13.7303177298973
"493" -1.49963708951383 -0.0944165731343606 2.25782588952796
"494" 2.45322386576407 4.28510748395295 24.380453484584
"495" 1.36276826423721 1.86420285558557 5.33238962878549
"496" 1.33199963777624 1.41875741894831 3.7870956488569
"497" 3.1799108276148 4.14342272408849 27.2797847420747
"498" 0.252036474450107 -0.116164262852644 0.0770165204173373
"499" 0.0969095911683985 -0.300158281712332 0.0994864629409256
"500" 2.10606788036464 3.92840271939761 19.8678698424741
"501" 1.12216216703437 2.78329343598183 9.00597027990279
"502" 0.790808245794014 1.39645942778638 2.57547661506926
"503" 1.85327120567913 2.01073325464851 7.47766238314877
"504" 1.63150926367226 2.50746731575375 8.94921481702172
"505" 2.52808224630527 3.720575412668 20.2338812454335
"506" 0.929695090309856 -0.455844774069381 1.07212741899262
"507" 1.72779477753698 3.23281725752279 13.4363822138213
"508" 2.87667603886111 3.76642514510841 22.4612234062625
"509" 1.2886544261523 1.76740559672544 4.78435277337833
"510" 0.43099956815701 0.122620042841638 0.200796302658014
"511" 3.69860709367271 4.59394715212911 34.7840448699213
"512" 2.55890904637793 3.43191219749123 18.3260368389239
"513" -0.508873104114248 -0.532036788624105 0.542014980540321
"514" 1.58724911329811 2.61229499934529 9.34344491127003
"515" 2.91429430568054 2.87735718525392 16.7722956716544
"516" 0.887076615950704 0.794140322500501 1.41756377438775
"517" 0.0117834357279527 0.732478951671797 0.53666426399977
"518" -0.0144962392964733 -0.0629458491905212 0.00417232088405645
"519" 2.72756193667188 3.54370096987058 19.9974106822429
"520" 2.53519334017475 3.57960541882358 19.2407802265376
"521" -0.844004780928692 -0.282067051169928 0.791905891586188
"522" -0.012792237803876 0.718400967719447 0.516263591768269
"523" 1.66152106297723 2.29612279902626 8.03283215092518
"524" 2.48450050085106 4.07343292066554 22.765598497891
"525" -1.02676632545483 -0.335163076018177 1.16658337461397
"526" -0.422920873769158 -0.0142925520426926 0.179066342513561
"527" -0.528788605502292 -1.17114214466291 1.65119131231469
"528" -0.66546229163858 1.05121819867488 1.54789976281813
"529" 2.48613725237397 3.07119162976962 15.6130964644086
"530" 1.0942511932865 2.4538253646592 7.21864459425381
"531" 0.141829212891252 -0.806797875147606 0.671038336972044
"532" 0.633637677195446 0.67539446684228 0.857654391802807
"533" 1.28906499290746 2.72360066331539 9.07968912915155
"534" 0.739191813632992 1.12321596873402 1.80801864976114
"535" 1.80903866924252 3.58294238402081 16.1100970340275
"536" 2.38401422573904 3.38173916902953 17.1196836358747
"537" 2.28460933726249 2.93583628954347 13.8385745429073
"538" 1.51706546292789 2.69485250939333 9.56371766619216
"539" 0.644715837023753 0.853335142401908 1.14383937576732
"540" 2.85748445079284 3.87998959408679 23.2195366367446
"541" 0.690992722289534 0.168888648281797 0.505994317775554
"542" 0.540929624333927 0.717996128744612 0.808123299374293
"543" 0.691976358844413 1.43858911856446 2.54836993325165
"544" 1.80614325701618 2.638285977139 10.2227063620333
"545" -0.73039870364377 -0.231667244609354 0.58715197850939
"546" 1.29133344358955 2.69265151028657 8.91791421838136
"547" 1.07612827966564 1.43222507839667 3.20932074948449
"548" -0.344121969767831 -0.277938299359756 0.195669628327885
"549" 2.1834737421825 3.61291299154596 17.820697867282
"550" 0.750209890670493 0.899127993226416 1.3712460282632
"551" -0.784472709360226 -0.125511752150068 0.631150631658753
"552" 2.33848739316623 3.67542722672864 18.9772885869756
"553" 2.85014995882255 3.53808559671758 20.6414044774766
"554" 1.34166513620359 2.08902066532042 6.16407267783996
"555" 3.06202269783052 3.44972004928901 21.2765514204958
"556" 0.877954729198726 1.87234355149489 4.2764748813469
"557" 0.215148542393231 0.333636382836302 0.157602131246023
"558" 1.74822625374045 1.96401464734498 6.91364856925299
"559" -0.235058834817965 1.15618153297739 1.39200839302392
"560" 2.21729227114256 3.29532436997547 15.7755477190228
"561" 1.37211607769741 1.91287961945882 5.54181096921666
"562" -0.138024235689183 -0.415522161888323 0.191709356657929
"563" 1.01393734725182 1.30011678165521 2.71837259009355
"564" -1.15042573315812 -0.876136264537143 2.09109412154949
"565" 2.147499638907 3.2043245280005 14.8794503798513
"566" 2.56251428330752 3.83789545721605 21.2959209926746
"567" 2.26896050408602 2.76599828543351 12.7989282841234
"568" -0.44450564230139 -0.056682365238077 0.200798156566754
"569" 0.182417162800282 0.842625827854304 0.743294307051257
"570" -0.0455880728978771 0.406709836551755 0.167491163538498
"571" 2.40051558266665 3.20991265503263 16.066014315564
"572" 1.06095879819968 1.93364207835733 4.86460525867138
"573" 0.421093536048094 1.45046272603186 2.28116188570927
"574" -0.539565455616946 0.558085030008945 0.602589781615207
"575" -0.219192106452099 1.60040011700061 2.60932571402648
"576" 2.34807692814389 4.11705754203943 22.4636280649454
"577" 1.59063797668614 2.38273608408203 8.20756041926275
"578" 0.0157671565860982 0.345606607943742 0.11969253068119
"579" 2.49836060370373 3.77607531081127 20.5005504590573
"580" -0.225977962007798 0.726765889665542 0.579254697694545
"581" 3.2370234851564 3.70790989048331 24.226916799398
"582" 0.43129525506749 0.165588358918762 0.21343510165314
"583" 2.06332008975589 3.84491304913299 19.0406461481834
"584" -0.283550539993784 -0.0880567415288834 0.0881548984594512
"585" 0.640178202440691 1.6649616185806 3.18192532222672
"586" 1.88116780198813 2.15657879103593 8.18962438118285
"587" -0.643543913813518 0.570627889188655 0.73976495692632
"588" 0.512241385378776 1.34260662548308 2.06498378768583
"589" 1.15053264652723 3.11371158229709 11.018925188456
"590" 1.47352382314274 1.16827204749571 3.536132034329
"591" 1.73077934052139 3.65119388894048 16.326813940212
"592" -0.376905718878272 0.0889161100145073 0.149963995543259
"593" -0.950741877962607 0.0854781067041142 0.911216625237584
"594" 2.76931164693349 3.36264453513696 18.9764652675279
"595" 3.43706436146024 4.70176301090872 33.9199868355695
"596" 2.66706837506084 4.28889397329061 25.5078652313782
"597" -0.0133250186209615 0.754389552880738 0.569281153616849
"598" 2.56396327347865 1.00872235568409 7.59142845860424
"599" 0.782117934977915 1.89485378904582 4.20217934607543
"600" 2.49377946728728 3.7001980996613 19.9104020082007
"601" 3.35680351385865 4.26126836351464 29.4265378965445
"602" 0.990028136545325 2.52573459536819 7.35949095739111
"603" 0.978924514317224 2.08259002707194 5.29547442559071
"604" 1.15698980668759 1.92813065414756 5.05631323224249
"605" 0.636401014442717 1.91835001457642 4.08507302960908
"606" 0.110572486073982 0.75980566849004 0.589530928546178
"607" 2.47792548528408 3.44461573625537 18.0054922810785
"608" 1.21626317421875 1.0185516387155 2.5167435496907
"609" 1.92028728263628 3.65200224079098 17.024623614597
"610" 1.14196375636392 0.697228191744592 1.79020837221222
"611" 0.087972337745355 0.931830435470021 0.876047092676632
"612" 1.60431614060399 3.32818981353445 13.650677713917
"613" 1.95094985386892 2.10212061092953 8.22511639520588
"614" -0.215972748923118 0.793415411563055 0.67615224358318
"615" 2.36004192602376 3.02487737991306 14.7196810560997
"616" 2.97957889226194 3.39244049426213 20.3865428823224
"617" 0.413850212362247 0.843974609460042 0.883565139685507
"618" -0.40514544793004 1.16035441449246 1.51056520121057
"619" 2.48751931119106 3.71151792668063 19.9631176436201
"620" -1.38252060503652 -0.710228303670476 2.41578746668518
"621" 1.08275093467885 1.82992675493108 4.5209815149605
"622" 2.40586759679613 3.15181759566758 15.7221530496733
"623" 3.28228962596368 4.04763380531707 27.1567646106543
"624" 0.398888218104789 -0.320296432088315 0.261701614951318
"625" 0.669999625156354 1.32199106254244 2.19655986715175
"626" 2.34005894052359 3.13587119148688 15.3095639747218
"627" 0.0209931343114282 0.154899392602929 0.024434533516974
"628" 2.3471054671322 2.28014651288677 10.7079721940716
"629" 1.15125493109872 1.69536107691019 4.19963709748119
"630" 1.83768664391402 2.44483550288695 9.35431283739648
"631" 1.40829825490245 2.89957722801819 10.3908520760029
"632" 1.50303861951341 2.14187343738456 6.84674691352232
"633" -1.00127548015269 0.722622398730236 1.52473571830165
"634" 0.155992252840409 -0.271307808032351 0.0979415096455453
"635" 1.1780538220698 1.59859121563561 3.9433046824006
"636" 1.62956241547869 2.15120145837452 7.28314138045339
"637" 0.648926348652364 -0.0737408070225453 0.426543112595626
"638" -0.60424622264151 -0.89690460929896 1.16955137575825
"639" 2.43990585766078 3.07362752731303 15.4003267709038
"640" 0.622069941172116 0.664415350456488 0.828418769632097
"641" 1.08938079686077 1.88049840333975 4.72302476553237
"642" 1.92760577153491 3.48745249741407 15.8779889321743
"643" 0.495634039259628 -0.399282203437665 0.405079378854851
"644" 0.961594749304598 2.32820008524747 6.3451800988365
"645" 2.27386266108892 3.89597974437712 20.3491095700912
"646" 2.01275459674345 1.84573953483841 7.45793549717739
"647" 0.0179006477245551 2.0341852093668 4.1382298991956
"648" -0.162021622148655 1.31670922154067 1.75997418013393
"649" -0.303071827352045 -0.5177775989184 0.359946174476211
"650" 2.45733289658947 3.33655206600765 17.1710646538407
"651" 2.25040727479606 3.55992259986573 17.7373818194898
"652" -0.169778637242196 0.506340559336305 0.28520554769282
"653" 2.88163816518668 4.14689401040606 25.5005684486021
"654" 1.58703331538207 1.28136821341801 4.16057924249068
"655" -0.766538172224282 0.534866282164921 0.873662709273869
"656" 0.148334676179608 1.87014197426794 3.51943418007608
"657" -1.2641511609985 0.131192537493682 1.61528963974788
"658" -0.480794921987255 0.0779566855261722 0.237241001826957
"659" 2.48786755611448 3.1190972428498 15.9182525871203
"660" -0.879021031830154 1.34613898625387 2.58476814471236
"661" 2.75035546044577 3.30390272469911 18.4802283730781
"662" 2.06119018130281 2.39739931221355 9.99602842570113
"663" -1.57991020687639 -1.25539007736593 4.07212050814105
"664" 1.87675747793729 3.06248081382763 12.9010073660559
"665" 1.80123692742731 2.51507457339386 9.57005457846007
"666" 1.75724732345686 3.08195841239824 12.5863858115485
"667" 2.31125345943971 3.40954536217162 16.966892130478
"668" 0.549779520674672 0.120321895257643 0.316734879831663
"669" 2.2677891614954 2.82929724388051 13.1477905752259
"670" 0.690914288022274 1.18081812129624 1.87169398897492
"671" 0.271552740365232 1.13888419817986 1.37079810766366
"672" 1.02316283425127 2.04316604380188 5.22138966793811
"673" 1.06512915047026 2.36094769504802 6.70857412593407
"674" 0.970437568042654 2.3757885038206 6.58612008835468
"675" 0.281828789519087 -0.0147098346060047 0.0796438458359301
"676" 2.34824173708004 1.309672567134 7.22948148886806
"677" 1.37612605399215 0.918847602713528 2.7380038334884
"678" 1.01751465548653 1.74557462198564 4.08236683505018
"679" 2.09167401061527 3.20529677262576 14.6490275672885
"680" 2.73223728044235 3.70345672660825 21.1807122824989
"681" -0.211345209693749 0.0417833644528283 0.0464126472054926
"682" -0.573344906948448 -0.64002349789372 0.738354460179838
"683" 1.80679686633651 2.3569604087019 8.81977728439163
"684" 1.27512381441468 1.8355365532412 4.99513518037204
"685" 0.636294844319669 1.67481607980749 3.20988003008953
"686" 0.184809261527973 1.29688896385158 1.71607544770653
"687" 1.67072801436645 2.47839407775949 8.93376930266217
"688" 1.19123362938475 1.48499790871336 3.6242563486602
"689" -0.236718488745291 1.39055695022649 1.98968427473704
"690" 2.13430465000524 2.91190530428567 13.034448840161
"691" 0.433576491250507 0.142368251950842 0.208257292928639
"692" 3.36420905644488 4.27156931678839 29.5642070035938
"693" -1.58973464803376 0.207423720450165 2.57028085096442
"694" 1.42319149691107 0.241628572116214 2.08385840374288
"695" 1.24944921000944 1.87473570527603 5.07575729303001
"696" -2.05689607917063 -1.5946726353098 6.77380229431342
"697" -0.30841236797846 1.17780013026275 1.48233133556904
"698" 2.17062954656631 3.22877546726736 15.1366236464542
"699" 1.83654373464457 2.50954204955021 9.6706941877229
"700" 1.48645008468597 1.70974441106403 5.13275980542761
"701" 0.591161104030444 1.17406754266404 1.72790604565566
"702" 1.84480491270442 2.82330996098055 11.3743843017104
"703" -0.570437139192517 2.49391299522635 6.54500055752902
"704" 0.630807392489274 -0.492053503868845 0.640034617088724
"705" 1.36061781447676 2.19639658882365 6.67543881246769
"706" 1.93888803839062 3.13580027264899 13.5925301753597
"707" 2.34048667775477 3.40286006444706 17.0573345069562
"708" 1.37488099630592 0.516412128954714 2.1569792409347
"709" 0.187473236907158 -0.152562821658834 0.0584216291089524
"710" -0.181430511764161 -0.679765781998708 0.494998548975321
"711" 1.35756645301594 2.56629385849303 8.42885084249331
"712" 0.506676797569727 2.08548827780039 4.60598273403836
"713" 1.46438866314391 2.27690228815045 7.32871818652916
"714" 0.378158766325367 0.201126694299727 0.18345599970866
"715" -1.26769623512145 -0.653361768732181 2.03393534538194
"716" 2.4099307867448 3.12143930241402 15.5511497155553
"717" -0.916437845813688 0.0551302126386228 0.842897665585213
"718" -0.128715211602844 1.19516568100318 1.44498861074576
"719" 0.299800818974954 -0.564739206792733 0.408810902746938
"720" 1.78307795655594 2.17217281756604 7.89770174852849
"721" 1.05917195689687 1.15895977650877 2.465032997842
"722" 2.68276826764395 3.27407484534843 17.9168116708206
"723" -0.737925978963404 0.198046490109906 0.583757162673952
"724" 2.67192994056304 2.97655133174698 15.9990674378019
"725" 0.0989233903685609 0.376179495207167 0.151296849776329
"726" 2.77361170100375 3.75375186990057 21.7835749687269
"727" -1.07949547865001 0.760709919893638 1.7439900706504
"728" 1.82818382944104 2.79109993358132 11.1324949534674
"729" 1.51154512043569 2.39273521491748 8.00995045981913
"730" 1.39444793671129 2.23145585517954 6.92388028181341
"731" -0.963557312195164 -1.58092277656643 3.42775951935129
"732" -1.40918367597679 0.568574765813992 2.30907589695989
"733" 2.58313142090255 3.50561695150086 18.9619181483042
"734" -0.928978333476142 -0.988084025482728 1.83931078548226
"735" -0.340356728758984 1.02015521448792 1.15655936445842
"736" 2.2264517382592 3.84052805430855 19.7067430787285
"737" 3.11791962245499 4.46767965131618 29.6815842388745
"738" -0.0123923496713667 0.696198835845113 0.484846389362468
"739" 1.98064485987115 2.68688535714364 11.1423069833669
"740" 1.93087972407613 2.72261581655351 11.1409333933957
"741" -0.677200072881973 -0.00670244978691947 0.458644861544495
"742" -1.12934423344395 0.0229239952573477 1.27594390717167
"743" -2.24303679509183 -1.22689995646483 6.53649756730925
"744" 0.135451659612697 -0.909603799760712 0.84572622463096
"745" -0.00224619655886737 1.24787909864972 1.55720729024582
"746" 1.66777991152521 2.60591322483086 9.57227356863541
"747" 1.78173286110777 3.00400341702956 12.1986085178766
"748" 0.94906484568534 1.98174315256897 4.82803000406973
"749" 3.14396773854964 4.46675354927001 29.8364204109571
"750" 1.56672066420758 3.0560490352856 11.7940493457251
"751" 1.41777011493188 1.78125351354974 5.18293617832724
"752" 1.05256393668797 2.5097520310712 7.40674609828206
"753" -0.522475073453398 0.179387509667533 0.305160081004853
"754" -0.640230730410557 0.880235696916816 1.18471027028867
"755" 1.90422755230171 2.89539550615235 12.0093977079922
"756" 0.714076484533595 -0.145548618900217 0.531089626227619
"757" -0.758007361675504 -0.472309262706225 0.797651199992355
"758" 0.261018639892422 0.558917851040603 0.380519894583136
"759" 1.61126799516897 2.35092880849626 8.12305081487349
"760" 0.436910822734235 0.807280821530894 0.8425933918339
"761" -0.919588581576495 0.610748086909639 1.21865638502965
"762" -1.22067409323173 0.834427875474582 2.18631512125612
"763" -0.583336814686343 0.0567914224243031 0.343507105029385
"764" 1.82983955576159 2.72959969888421 10.7990273159786
"765" 1.38728354158243 1.78509751277618 5.11112875486519
"766" 2.69096458410456 2.88840208269337 15.5841569842124
"767" 2.36946515471205 3.17174576491746 15.6743363166664
"768" 2.50913784090097 3.7985351360684 20.7246418845874
"769" 2.26512042207637 3.40639491967501 16.7342968752952
"770" -1.37047006839015 -0.614855239844202 2.25623517431717
"771" 1.69220907352975 2.68516230785474 10.0736681680602
"772" 0.286020230030208 1.24188241825945 1.62407951276847
"773" 0.348026678028539 -0.781301493428394 0.731554592253019
"774" 1.67669145310621 1.4846812054296 5.0155725106753
"775" -1.06633461830678 1.27700626633399 2.76781452245573
"776" 3.37152236501917 3.88732308222186 26.4784438033993
"777" 0.217754664945007 0.241987176306498 0.105974887602105
"778" 0.242399861013264 0.725834095074977 0.58559282619256
"779" -0.443166458361648 0.151117696203462 0.219233067922648
"780" 1.3975433814679 2.71318856790047 9.31451970807052
"781" -0.645322505842911 -0.236244363795121 0.472252535972335
"782" 2.59859428817914 3.15793225936223 16.7252284292779
"783" 0.107218079770954 0.36417377633574 0.144118256000404
"784" 0.71171613587028 1.83566352901495 3.87620044981373
"785" 1.93460237113227 1.89112453377781 7.31903833664692
"786" 0.982807079401766 0.411788272582508 1.13547933675872
"787" 2.37749927468604 3.45864903823149 17.6147559707922
"788" 2.20748317530163 1.47481074686056 7.04804870829518
"789" 2.74902234614763 3.75213627595378 21.6356504929473
"790" 1.89986302020647 3.19960346892201 13.8469418538858
"791" -0.117741274233804 -0.0950377972136844 0.0228951905574293
"792" 2.24014711047114 2.84337296595322 13.1030289000658
"793" 1.55883913099298 3.34694685478153 13.632032685047
"794" -0.715879474794536 0.748866536295285 1.073284511615
"795" 0.221837116449398 0.548991841942021 0.350603748753477
"796" -0.691776016233128 -0.189745804879967 0.514557527104923
"797" -0.308442092633856 0.148872756065432 0.11729962200687
"798" 1.80945329095474 2.89259919176096 11.6412512963231
"799" -0.034059788231611 0.108692887915618 0.0129742130578192
"800" -1.00290234645322 0.510621431853474 1.26654736318947
"801" -0.837717996030479 0.854571357578536 1.43206364606694
"802" 1.03658004190718 2.18692498472775 5.85713907210676
"803" -0.807997771923072 -0.116102765576637 0.666340251607192
"804" 3.70447047252619 4.34630500383411 32.6134686681719
"805" 2.34822459361853 3.2933329739097 16.3602008191158
"806" 1.53136624079724 2.82844513025217 10.3451844183007
"807" 0.220544575178443 0.372616495861881 0.187482962629027
"808" -2.08122129989589 -1.00941717182842 5.35040512592244
"809" 1.8190611448615 2.84180673230869 11.3848489525398
"810" -0.410810814931603 1.29757629844289 1.85246977594552
"811" 2.41772978560504 2.24790364320933 10.8984881053556
"812" 1.84159690640727 2.34993430523708 8.91367040461891
"813" 0.203848934750526 0.396817811018042 0.199018763340075
"814" 2.21589965452648 3.01225346535363 13.9838822184655
"815" -0.516224937630137 0.611140904975077 0.639981391964995
"816" 1.2110960083771 1.97425608448309 5.36444062862546
"817" 0.032997149846328 0.823376494912118 0.679037664271746
"818" 2.27274236861192 2.39027307700186 10.8787632567237
"819" 1.28074805179089 1.98608851221915 5.58486315053506
"820" 2.98974706865246 3.61925178084415 22.0375709876595
"821" 0.637182177316768 2.02452140812446 4.5046880590444
"822" 0.916711281266324 1.84914358991906 4.25969158933971
"823" 1.49018775548115 2.55501417226057 8.7487569670383
"824" 1.04170316274517 2.17600002450015 5.82012158589794
"825" 0.368199327425327 0.552254311619375 0.440555569418653
"826" 3.98291316618504 5.11739706591884 42.0513500196449
"827" 1.11994156458785 2.79372431881539 9.05916467763197
"828" 1.78767802614704 3.06360555436409 12.5814717178995
"829" 2.06578488544086 3.38527430409522 15.7275493068833
"830" 1.7681205514508 1.04401519648052 4.21621801494495
"831" -0.939529280738471 -0.328590552379684 0.990687020478134
"832" 1.52004138141471 2.65122989610527 9.3395457632155
"833" 1.17676104259834 1.88379068718721 4.93343390451039
"834" -1.82817562979404 -0.110207760913484 3.35437188393841
"835" 0.159729570460345 0.664334804585174 0.466854268262668
"836" 1.62952158518473 2.19369707458507 7.46764745162604
"837" 3.35510076090908 4.60238646812898 32.4386623178694
"838" 1.29639378831348 0.451934097473569 1.88488128283702
"839" 0.502346340478859 -0.218048383632599 0.29989694339729
"840" -0.727365301497249 0.827085483450819 1.21313067875726
"841" 0.847866200681693 2.1118792618347 5.17891111082589
"842" -2.87469729126969 -1.02188469695996 9.30813285031424
"843" 2.21555166601741 3.22470955607853 15.3074209058567
"844" 0.308735536478638 0.0030819269351563 0.0953271297583859
"845" 2.33538419736774 3.23589076081391 15.9250083652358
"846" -0.312360620034359 0.929748803378657 0.962001994332293
"847" 2.02553313474027 3.65350613284197 17.4508915426447
"848" 1.4361419119468 3.34680141499032 13.2635833026315
"849" 0.925923141684526 3.03640150714241 10.0770677768836
"850" -0.590089081254157 1.27540657317987 1.9748670507258
"851" 2.51077396798407 3.03890253953187 15.5389145630797
"852" 2.59800825614979 3.88921333084773 21.8756272318662
"853" 1.83836636599321 3.03317057080271 12.5797146071987
"854" 2.32020467826462 3.89496727372188 20.5541198124055
"855" 3.76230311492865 4.82948057518263 37.4788073546682
"856" 0.551228277933564 0.957958605388735 1.22153730403193
"857" 1.26250772770664 2.9394811693306 10.2344753073682
"858" 0.541661687196731 0.496510246781967 0.539919808536299
"859" 1.28130727244078 2.58641209653793 8.33127585952737
"860" -2.20332234459321 0.146753581803616 4.8761659679559
"861" 1.96289035587865 2.9430019084616 12.51419878241
"862" -0.26974352971486 0.562224913770465 0.388858425487238
"863" 1.38291826928523 2.23196228453031 6.89411857908864
"864" 3.40751061982643 3.53610286848351 24.1151521207272
"865" 1.64626070899531 3.21800317360876 13.0657187473378
"866" 1.99716546096111 2.28381021181006 9.2044589620239
"867" 2.07031051799705 2.80614123099254 12.1606142492055
"868" -1.25941669031845 -0.0821021230418408 1.59287115846067
"869" 1.07339799468068 0.178117903006686 1.18390924235601
"870" -0.991815801282058 -1.41040069720012 2.97292871033536
"871" 3.77136689502223 5.1936372816464 41.197076470177
"872" 0.526039512272166 -0.410655896382666 0.445355833705389
"873" 1.76707264368004 3.51453133691212 15.4744762461797
"874" 0.231777360821651 1.44956940616967 2.15497220829253
"875" -1.1426494917751 -0.885150828813491 2.08913985080311
"876" 2.39375265424283 3.78619644074624 20.0653352576141
"877" 2.73876912167698 3.07589470656807 16.9619845477448
"878" -2.4706847622812 0.0615117913465504 6.10806689504315
"879" -1.03634774431437 -0.570276683508993 1.3992321428995
"880" 0.380378336773006 0.283000523565942 0.224776975424796
"881" 1.13233972279612 2.13778254478882 5.85230745662576
"882" 1.97600272706735 2.65340952412952 10.9451688801188
"883" 0.463680269259642 0.281264709835969 0.294109229099806
"884" 3.0742698556396 3.27607040858274 20.1837724672858
"885" -0.296731244191846 -0.151812959746703 0.111096606026695
"886" 2.02008951889707 2.73553936213482 11.5639372661468
"887" 1.658662118612 3.07874769153015 12.2298473718207
"888" -0.0617753101243655 1.70754192200384 2.91951560434154
"889" 1.1304513684789 0.553095703442732 1.58383515366263
"890" -0.662731005792742 0.568055287080789 0.761899195219497
"891" 0.399124110023578 1.86826093972278 3.64969899409596
"892" 2.41677239057536 2.71016994167331 13.1858099005969
"893" 1.04375552844328 1.79835555823374 4.32350831698608
"894" -1.77512526135572 -0.759335843171402 3.72766061622805
"895" -0.122183395233518 -0.2135981967928 0.0605529717439257
"896" 2.26463540968807 3.42399286714665 16.8523006930842
"897" -0.28114791225977 0.391492256354141 0.232310335353284
"898" 0.286531897771105 0.810594146042422 0.739163398038553
"899" -0.451976933712912 0.356203081951663 0.331163784200389
"900" 1.25472349922842 2.35122148838676 7.10257354696765
"901" 1.53996584257739 0.52087025242306 2.64280061616436
"902" 0.546158391248304 1.31583951149239 2.02972260833548
"903" 2.67684483346989 4.10338274326028 24.0032482001607
"904" 2.08842406609998 3.40316744222253 15.943063719669
"905" -1.12625411082945 -0.157561654150088 1.29327399701874
"906" -0.457619921944274 2.22795416164615 5.17319573935668
"907" -0.554887682008874 -0.370010459962671 0.444808080126969
"908" 2.88298584355662 4.05380308583051 24.7449268328368
"909" -0.672081525641428 0.755479658067295 1.02244309086199
"910" 0.323529148684078 -0.382271142224522 0.250802336225885
"911" 3.02094223933093 3.72904478571373 23.0318670272325
"912" 0.676675839803564 1.89450642357691 4.04704478114805
"913" 0.315590159978388 -0.0739701328724394 0.105068729632351
"914" 2.52740443216645 3.11185515408431 16.0714156637357
"915" -0.485471006123145 -0.0125197141346503 0.235838841028232
"916" 1.23932094372701 2.68817065749851 8.76217788539639
"917" -1.24288531411682 -0.691493282986628 2.02292686446288
"918" 1.43066577402729 2.36045797066119 7.61856638823105
"919" -0.565300613574975 0.416483093093919 0.493022950541321
"920" 2.580059358893 4.05700808683409 23.1160209120486
"921" 3.2422068051024 3.63317002874009 23.7118294247876
"922" 0.628499729101664 0.130688669694192 0.412091437867302
"923" 1.63537791879601 3.06556612766442 12.072156620369
"924" 2.57854649166655 3.59953308721911 19.605540455671
"925" -0.68616789410614 0.0912174839929032 0.47914700828805
"926" 1.21057704150351 2.93684304789963 10.0905438614118
"927" 0.162462270608269 0.480665858516693 0.257433656914784
"928" -0.139869049962857 0.303005178418053 0.111375489285668
"929" -2.00818655818856 -1.71015819679107 6.9574543105409
"930" 1.49305278657872 1.97499313217955 6.12980449566687
"931" 2.43603575088646 3.81133601093411 20.4605523678401
"932" 0.505135084604498 1.74757253611622 3.30917122268607
"933" 0.941650190665571 2.12215487045783 5.39024637578839
"934" -0.30183054361892 1.2826941169999 1.73640587484746
"935" 2.04067550441722 2.47224561056295 10.2763548732762
"936" -0.0171084606970575 1.59856422083497 2.55570026756115
"937" 2.130057637717 3.69129106525388 18.1627752684196
"938" 1.31325874927354 2.03969239708601 5.88499361727399
"939" 2.27525094418204 2.46988667726457 11.2771070575303
"940" 1.43052289387315 3.25251394632813 12.6252427209542
"941" 2.68781642883111 3.43546366385963 19.0267677407942
"942" 1.69181255875306 3.20179553428292 13.1137243773086
"943" 2.04058907475093 1.16842138229721 5.5292122986022
"944" 2.96341365820785 4.70477577998874 30.9167356496215
"945" 0.589732416410874 0.6379782621926 0.754800585996098
"946" 2.56989583145186 3.43553295375933 18.40725126088
"947" 0.350582326801705 1.31335035580211 1.84779712495123
"948" 1.97865184172395 3.94308129784932 19.4629532322066
"949" 0.0856442575435057 0.90545856162529 0.827190145670718
"950" 2.2298188176685 0.0536455212190342 4.97496980157539
"951" 0.179666335724428 0.545410356088357 0.329752448721071
"952" 3.73835358057136 4.43758602914767 33.6674572594573
"953" 1.46135213829426 2.68398676183736 9.33933500981539
"954" 3.26212868565253 3.81956074402527 25.230527839056
"955" 0.219431129466058 -0.433640238060709 0.236193876644099
"956" 1.35509946057351 1.8846101897717 5.38805011543795
"957" -0.194697080639877 0.324123787534429 0.142963182855354
"958" -0.135806335864129 0.0842175417059411 0.0255359551918324
"959" 2.72328385749901 3.94786516036602 23.0019142929465
"960" 2.45735809537392 4.09854724970329 22.8366983669501
"961" 1.96054653135802 3.92906046346854 19.2812588272116
"962" 2.34890956439531 3.09159370308868 15.0753277666854
"963" 2.10764410891429 3.28234310578475 15.2159399539338
"964" 0.494472841732097 -0.190686764680988 0.280864833435118
"965" 0.800545855921594 1.88956167732301 4.21131699984099
"966" 1.3509872700933 2.05859320698851 6.06297259581337
"967" 2.04442592442277 1.46819165513835 6.33526409666978
"968" 1.03115973501723 2.37202828513581 6.68980858460515
"969" -0.233036585857074 0.929481068613452 0.918241107258725
"970" 0.610202643438508 0.843949040858709 1.08459724962568
"971" 0.402668631492724 -0.0936923829921822 0.170920289418977
"972" 1.63532316142612 2.45929227307403 8.72240032669835
"973" 1.28744768357926 1.7364666705027 4.67283803572034
"974" 0.932359993833878 1.7949849820528 4.09126624389701
"975" -1.35186091825867 0.302224401719578 1.91886753130992
"976" 1.61319936038439 3.90781760094499 17.8734505786001
"977" 1.99945470753424 2.37394578180669 9.63343770243863
"978" -0.511220705316455 0.973993953738304 1.21001083146303
"979" 2.66972116560199 4.48931061241322 27.2813208767892
"980" 3.51028100390298 4.23702341533044 30.2744401484206
"981" -2.0180665976998 -1.35548726162721 5.90993850918528
"982" 4.74737232763759 5.76897697514022 55.8186393569171
"983" 3.78759168684735 5.36921594113796 43.1743306088451
"984" -0.204375442848259 1.71713274289193 2.99031417835099
"985" 2.17746754980814 2.71871974737089 12.1328019952119
"986" 1.44925588562998 2.48080615266231 8.25474178912031
"987" 0.123029126754286 0.503668518779257 0.268818142839213
"988" -0.0420952839216384 -0.922868471953564 0.853458229454349
"989" 0.872904505857721 1.41785371140842 2.77227142330134
"990" -0.906297102717416 -1.49446125175671 3.05478887139621
"991" -1.05496691390927 0.521222552943225 1.3846281391399
"992" 0.0850812347171135 1.36128762174901 1.86034280562806
"993" -0.319694573349895 0.0385894224868286 0.103693763757238
"994" -0.0958720065156941 1.0164463479063 1.04235461980539
"995" 1.30167593067808 2.43561223313951 7.62656717872549
"996" 0.112969742199913 0.530712918768704 0.294418364800712
"997" 1.35740081492834 2.92424292204985 10.3937336395268
"998" 1.38241214744448 2.92555564852144 10.4699391979977
"999" 0.692480468097828 0.634114396034086 0.881630265954661
"1000" 2.42196126601359 3.92329750496635 21.2581596865453
