"V1" "V2" "V3"
"1" 0.0311838087142033 -0.0393878231107415 -0.00914951422807165
"2" 0.0335654468403109 0.0198299089396123 0.0491795390067604
"3" 0.0330316728144659 0.027912544818223 0.00307324983978713
"4" 0.0324493896148188 0.024487493952733 0.0429071793345859
"5" 0.0310016557618531 -0.00342280573235572 -0.0454937392632661
"6" 0.0321059427068458 0.0276844771391079 -0.0526266706338412
"7" 0.0325626651150724 0.0219355983190964 -0.0440536214062651
"8" 0.0294997263374567 -0.0535283135996195 -0.00413410412751455
"9" 0.0329659421651167 0.024357927353157 -0.0273968464071598
"10" 0.0324726152280108 0.0188804734697134 0.052650460911448
"11" 0.0330330154965732 0.022168043268006 0.0452689051461052
"12" 0.0319994530482327 0.00247524246753664 -0.0259073992273503
"13" 0.0296313618613022 -0.0560071813456248 -0.00470044376993979
"14" 0.0303751180426906 -0.035532592871265 -0.0186054233446503
"15" 0.0330529501373537 0.0178351121412124 0.0387809799181848
"16" 0.0299642899906751 -0.037852360647956 0.00570072009725214
"17" 0.0315152478681556 0.00514660160577721 0.0360515009966475
"18" 0.0323325870015692 0.0119108002531001 -0.035257398791498
"19" 0.0327792829555583 0.0178565636360999 -0.0311097608470942
"20" 0.0313990624726749 -0.00473119260492134 0.02027377843458
"21" 0.032035355401971 0.00301805828118009 -0.0345855055155416
"22" 0.032375590496156 0.027030652815312 -0.0441441809556019
"23" 0.0326118983570319 0.0282775650856886 -0.040942345285259
"24" 0.0320432432814003 0.0251700683965289 0.0463603651889316
"25" 0.0320831807748937 0.0288427398601696 -0.0411767182749162
"26" 0.0319770481116534 0.0090670305052521 -0.0408736420661612
"27" 0.030061584694537 -0.0579712395597872 0.00166181044583087
"28" 0.0297040079735755 -0.0458238048482112 -0.0071786141958081
"29" 0.0302820365531986 -0.0567458211130939 -0.00293998187904889
"30" 0.032746786273578 0.0148852243036964 -0.0180110134370121
"31" 0.0319218584380045 0.0258369794820541 -0.0444423529173549
"32" 0.0322207316671141 0.0253903251696303 -0.0481083178077076
"33" 0.0319352556622793 0.00341685637182239 0.0431302858065147
"34" 0.0325111259260609 0.0210315195968657 0.0266485882591743
"35" 0.0325626977191747 0.0299760277289681 -0.0510297152120478
"36" 0.0312038755162824 -0.0173653368693552 0.0250390094438078
"37" 0.0320435243286561 0.0254921862741242 -0.0544090288013336
"38" 0.0319099737786447 0.0198870327910356 -0.00756054101334142
"39" 0.0326546099978555 0.0269397078166423 -0.0418774300181611
"40" 0.0327965801071794 0.0139214520317182 0.0453945649342237
"41" 0.0318907871476488 0.0271270069767017 -0.0449646476377606
"42" 0.032081691354073 0.02659061627565 -0.029271022032176
"43" 0.0319365638339561 0.0223321661060235 0.0438954978010548
"44" 0.0325143610278672 0.0161490745991797 0.0303074012426825
"45" 0.0319735331153877 0.0246334347427053 -0.023277033664541
"46" 0.0322077769064364 0.0286495743990158 -0.0569895518009365
"47" 0.0316284097960269 0.0186967854444183 -0.0463235080165028
"48" 0.0322270186020417 0.0326526043889271 -0.0498131787664186
"49" 0.0290660194306207 -0.0603355589122269 0.00147228152832153
"50" 0.0325055179688512 0.0257117811040743 -0.0517710396324148
"51" 0.0296033787847168 -0.0496124537925589 0.00363056580696388
"52" 0.0330270921583352 0.0246929769914658 0.0418263583759663
"53" 0.0324945347296423 0.0230208726577643 -0.0377765703764005
"54" 0.0330856208657848 0.021683404569228 0.0504178818882834
"55" 0.0333052542391717 0.0274451387579739 0.0553296670907777
"56" 0.0331442541037018 0.0286716768156375 -0.0456363183581377
"57" 0.0317601028407603 0.0253116716958505 -0.0457433486178567
"58" 0.0291984649967562 -0.0571579600431655 -0.00249920460002953
"59" 0.0321047085588637 0.0226650931683585 0.0431497850488736
"60" 0.0328231917646749 0.0271044871243912 -0.0364246642132841
"61" 0.0330432406063524 0.0194972196160574 -0.0352945588024388
"62" 0.0319689181285409 0.0174686637079677 -0.0391256208738249
"63" 0.032510817198689 0.00791850044715639 -0.0409410480064508
"64" 0.0321328306883578 0.00582791373664269 0.0260504963134601
"65" 0.0332185514822464 0.0143197121009995 0.0108840722278205
"66" 0.0308534172895036 -0.0568371433347701 -0.00369645301620905
"67" 0.0323167819806847 0.0215654462849327 -0.0419431100436735
"68" 0.0323336673051844 0.0188887825883028 -0.0387895702311787
"69" 0.0316773200296663 0.00991710664693728 -0.0382869867077086
"70" 0.0312793435860603 0.007061680005338 0.042733023814843
"71" 0.0327267419261058 0.0229803365189547 -0.0431744543498747
"72" 0.0321712631308112 0.0114379976050037 -0.0414270526163431
"73" 0.029438668386628 -0.0699875831343897 -0.00128860813227583
"74" 0.0331129804618528 0.0150824884348794 0.0256048742957584
"75" 0.0307985524877996 -0.026088776177155 0.0154266094635501
"76" 0.0293230146219755 -0.0489219981272401 -0.00472370317367971
"77" 0.0326294744988104 0.0112407176853127 0.0405253578646062
"78" 0.0319280603555933 0.0123581556586967 -0.0392907613180507
"79" 0.0303047522602023 -0.059461028198105 0.00103831044266293
"80" 0.0334328034734214 0.0259548633624957 0.0462214634382558
"81" 0.0305597852097308 0.00205065554644997 -0.0332678204425628
"82" 0.0329148138878794 0.027118794531026 -0.0429430329935224
"83" 0.0316017936046556 -0.0261419930376814 -0.0154059162387668
"84" 0.0296535630081508 -0.0320536656630456 0.0233234882808651
"85" 0.0323381620837097 0.021789708327851 0.0411894508258278
"86" 0.0331197113322575 0.0232664217812398 0.0427335659562905
"87" 0.0333230011125337 0.0215430950947108 0.0410880790665441
"88" 0.0324601433255731 0.0266406273012279 0.00420105296222927
"89" 0.0328814178194312 0.0227868696879976 0.0425011820173885
"90" 0.0306692931596139 -0.0293099119550985 -0.0164705946969613
"91" 0.0306576581271918 -0.0276395196326675 -0.0208087815756387
"92" 0.0328580315189741 0.0213803884354517 -0.00905171056787117
"93" 0.031875808467674 0.020446327524906 -0.046164112646887
"94" 0.0318883836528804 0.0265529509676009 -0.0343108059182371
"95" 0.0326194718782617 0.0268819238176256 0.0412402339223426
"96" 0.0304387136507598 -0.0469487039739236 0.00188781664763201
"97" 0.0325693186193835 0.0278434257333918 0.0529431128700439
"98" 0.0310876823529576 -0.0342241305783888 -0.0083810722210951
"99" 0.0318870294628476 0.0253666364451701 0.0493374204548493
"100" 0.0307191249204408 -0.0233465837240319 -0.00507775224758365
"101" 0.0324628457625187 0.0216827383147612 0.0507526024617747
"102" 0.0319959972337147 0.0221164696669703 0.054570083626438
"103" 0.0322066513405113 0.0341543017882691 0.0515311617619573
"104" 0.0329421198578159 0.00945925347835143 0.0341025008676192
"105" 0.029967208127615 -0.0217201777074006 0.0247334005006197
"106" 0.0307261573652692 -0.0110436940122403 -0.0233473991397432
"107" 0.0330221913453965 0.020024490224936 -0.0368817385816413
"108" 0.0305454607797788 -0.031939353260198 -0.00842158628993247
"109" 0.0304503352604261 -0.0278757867548604 0.0137145927262878
"110" 0.0309383014444717 -0.0104359207851257 0.0363265727071838
"111" 0.0320707792475532 0.0270047671664838 -0.020469352019943
"112" 0.0308251102388905 -0.00170592113165841 -0.0322550399477133
"113" 0.0321994599463074 0.0247147386300427 0.065194251829572
"114" 0.0322697092681164 0.0308565065172591 -0.0395657407173904
"115" 0.0290269022150978 -0.0570832401518985 -0.00450811277516669
"116" 0.032639221400058 0.0249780109987085 -0.0484270987601102
"117" 0.0326179572165533 0.0232206223610693 0.0484093064836997
"118" 0.0312912248918884 -0.00647701887212902 0.036527135505615
"119" 0.0329612859364984 0.0226431414162811 -0.0494073069236354
"120" 0.0292452258001753 -0.0601883333671264 0.00196649184173751
"121" 0.0321731965846866 0.021434139780406 0.0493850790706155
"122" 0.0326189278613528 0.0187657312531347 -0.0383912977650694
"123" 0.0327009455172448 0.0190799859660424 -0.0310333301272986
"124" 0.0300023498449286 -0.0461378095867829 0.0108857937766871
"125" 0.031969044274106 0.0038343864455457 0.0368779974216544
"126" 0.0319351559912734 0.0270395765895053 -0.0457634521437415
"127" 0.0325546827151078 0.0310627514417913 -0.0548663679620274
"128" 0.0322690565771378 0.0204208605486253 0.038194760731086
"129" 0.0317300270636997 -0.0132425199448786 -0.0307298645002863
"130" 0.0328961592147555 0.0181073670358554 0.0450360613672113
"131" 0.0313147114235018 0.0118214203885894 -0.0477282707073672
"132" 0.0324728769146924 0.0231387845166699 -0.0424989664552595
"133" 0.0327229079709886 0.0220723631137373 -0.00825190595268006
"134" 0.0333152925843213 0.0243656390041336 0.0422612778130262
"135" 0.0327252476970845 0.0261774404026075 -0.0460570670495915
"136" 0.0320304923646978 0.0199931942854476 0.0308779753176166
"137" 0.0323260245495564 0.0246539548075786 0.0477712524981616
"138" 0.0326434280244949 0.0122927324947429 0.0347638454241926
"139" 0.029377499317068 -0.0652112368554836 -0.00447912922807424
"140" 0.0308037344610931 -0.0243675849556469 0.0136580978154253
"141" 0.0295510933027425 -0.0313607468654834 -0.0187477665958247
"142" 0.0316144443618732 0.0121382959552879 0.000398105961466855
"143" 0.0313334049247318 0.00413032332615068 0.0313283068444808
"144" 0.0331933867623654 0.0246118581822476 0.0485306142960209
"145" 0.0294561172923623 -0.0561902543961332 -0.000553156727650384
"146" 0.0322512731305802 0.0250789172363046 0.0484629922801725
"147" 0.031709957532165 -0.029200802593115 -0.0105328283165336
"148" 0.0309743802771823 -0.0434481236403476 0.00427301145160733
"149" 0.031194534535132 -0.0407803638157038 -0.000395504584387277
"150" 0.0316624308619105 0.0118173256969644 -0.000635371097607969
"151" 0.0328983207575297 0.0201571827532136 -0.0241560031998259
"152" 0.0301420947046706 -0.0532437513010216 0.0026305391668644
"153" 0.0300339693672349 -0.0355966962549539 -0.00629186335187365
"154" 0.0326368367107809 0.0230646475195632 -0.0264666762146113
"155" 0.0310331653770531 -0.02834861215635 0.0153017155816658
"156" 0.0293346932972743 -0.0619779256994889 0.000706681881036602
"157" 0.0325391629518794 0.0267082293371671 -0.036916630155156
"158" 0.0328109665188435 0.0169434277551272 0.0450260646293473
"159" 0.033021974038504 0.0199693272668609 0.0377573065763459
"160" 0.0320360295027839 0.00921759883859943 0.022131425413754
"161" 0.0304219678904216 -0.0519150827440481 -0.000533445168569227
"162" 0.0310814169708704 -0.0273199590397503 0.00166629758626767
"163" 0.0325330569626628 0.025622243636048 0.0190259893825246
"164" 0.0329382685668836 0.030257984502034 -0.0370172200448612
"165" 0.0323276562183151 0.0241049386033298 0.0433906817604872
"166" 0.0326415147748909 0.0216262647058968 0.0443769408853415
"167" 0.0327948906719506 0.0235977102578401 -0.0493779973091608
"168" 0.0337031571546943 0.0147464904461467 -0.0363595369197477
"169" 0.0294665807070479 -0.0577180494435763 -0.000905804262374162
"170" 0.0317830877735717 0.0286092540386773 -0.0406072383369573
"171" 0.0329101033566438 0.0249772357151576 -0.0395677924248797
"172" 0.0322005258596737 0.0207109640316636 0.0335881423964315
"173" 0.0330925506751707 0.028978707905321 0.0418931704138489
"174" 0.0282751554624509 -0.0746411256471851 -0.00576243970926404
"175" 0.0308350256227709 -0.00545814604204106 -0.0345543858470781
"176" 0.0329094255533817 0.0243456408650191 -0.0297526062662167
"177" 0.0314697891835225 0.0279707402425706 -0.0356587218586775
"178" 0.0319263887146263 0.0238290760857547 -0.0210724920783044
"179" 0.0293109792434771 -0.0641150074196387 -0.0013112250665874
"180" 0.0310972273208152 0.0210495573202069 0.053923446176459
"181" 0.0293409116920578 -0.0570601636784704 0.00152409336590963
"182" 0.0330098433798754 0.0155661869417192 -0.0239980413481926
"183" 0.0326551710153941 0.0290996688057612 -0.0516081138480076
"184" 0.0318731400394055 0.0280720881851954 0.0454082063861593
"185" 0.0322420919645053 0.0199398974542928 -0.0383993833250527
"186" 0.029719001779577 -0.0498189743183553 -0.00252727050674803
"187" 0.0314090563766334 -0.00361535031818006 -0.00554393332765277
"188" 0.0319699359161965 0.00972763599816828 -0.0390745076923631
"189" 0.0319728186680387 0.0141100338842031 0.0044004160261502
"190" 0.0308087869852492 -0.0457357218938908 0.0142786508118821
"191" 0.0301448971999007 -0.00784081376101633 -0.0304281286837806
"192" 0.0298168872456165 -0.0505377563632877 -0.00557795681027668
"193" 0.0308245608469162 -0.0298459594013705 -0.0154837863055214
"194" 0.0325070501328147 0.0217154974281354 0.0332318025811395
"195" 0.0320918701073796 0.0245541905374398 0.0503047280891176
"196" 0.0304471370934781 -0.0119451054587667 -0.0321675163760497
"197" 0.0324643909206484 0.0218363630974297 -0.0344664731359533
"198" 0.0320279962806349 0.0220118312936876 -0.0396959512298278
"199" 0.0294342047946904 -0.0586961100674684 -0.00358890179530469
"200" 0.0326219273784629 0.0267236354905752 0.0514450563974078
"201" 0.0321194489881511 0.0297897710795575 -0.0574347353096891
"202" 0.0328438369052529 0.0237038551854622 -0.00132801638367761
"203" 0.0328879386419107 0.0314206130968917 -0.00779131511867658
"204" 0.0323009317301603 0.0240236072399595 0.0147836200910875
"205" 0.0319198444373779 0.0252146048145214 -0.0458990897729821
"206" 0.0286578417443586 -0.0602294122159504 -0.0100579999243254
"207" 0.0326961063962883 0.0260465196973722 0.0377200737006027
"208" 0.0327652732471805 0.0292047543466179 0.0493610498981853
"209" 0.0293347921771178 -0.0591541340667156 0.00586284136510249
"210" 0.0289980363503023 -0.0569846013241049 -0.000239600070293479
"211" 0.0327069572989491 0.0232539320278974 0.0191656990660485
"212" 0.0323162300311465 0.0239921790020529 -0.0453815509562853
"213" 0.0308622609733503 -0.0396584290562487 0.012217497559208
"214" 0.0317977129502031 0.016622328329926 -0.0348818935193121
"215" 0.032250055046688 0.0232781363418049 0.0385651583921391
"216" 0.0324222271472153 0.0240418600163531 0.0149382901060504
"217" 0.0336731292189252 0.0252846044143368 0.0457808405692278
"218" 0.0321902552454868 0.0255367321452523 0.0476949718846971
"219" 0.0314525979523997 -0.0169705711239967 0.00994641358080083
"220" 0.0296561597621841 -0.0615293024934013 -0.00364151000384771
"221" 0.0296852140896498 -0.0504694939319293 0.00838042285974085
"222" 0.031401856391202 -0.00539071508877541 -0.0282551795514436
"223" 0.0295428139060757 -0.0560991707327495 0.00904616732489377
"224" 0.0322084241241437 0.0176918797643197 0.0398672503930573
"225" 0.0325415215873308 0.0265582658145732 0.0484129505949908
"226" 0.0321596472994028 0.0195813888296231 -0.0443263870874392
"227" 0.0308950531254265 -0.00891876987906176 -0.0301669738063903
"228" 0.0315492094861606 0.0159336561610811 0.0505169485171485
"229" 0.0316850571190891 0.0246523574965205 -0.0377660900151577
"230" 0.0322938923764657 0.0253742212934392 -0.0286748573131229
"231" 0.0329283398238204 0.0267459852784356 0.0496908110375359
"232" 0.0295699809209651 -0.0534815627602069 -0.000971156754587873
"233" 0.0299030126854473 -0.032870148631795 0.0124831428572479
"234" 0.0295065104854116 -0.0663296455203876 -0.00198169828212941
"235" 0.0324215983088954 0.0211917740123711 0.0427501434754789
"236" 0.0309549730896277 -0.0514115470844276 -0.000103184223369161
"237" 0.0325098887770768 0.0122772960668736 0.0354717879794878
"238" 0.0304679509380434 -0.0607243321179096 -0.00967642465415491
"239" 0.0329090920516371 0.0269033485996103 -0.0498788853237027
"240" 0.0296889682159354 -0.0566155847773628 -0.00131861400443447
"241" 0.0306807963555247 0.0102222977804913 -0.017624965103166
"242" 0.0314519501601479 0.0237782743238803 0.00497275011472245
"243" 0.0322857230271555 0.0265433306925635 0.0423392439806273
"244" 0.0302067406389405 -0.0367994191760235 0.00654853950177631
"245" 0.0305068824025219 -0.0248687754881812 0.00375711803356131
"246" 0.0290697331285701 -0.0572793335586861 -0.0143315433065592
"247" 0.0327839479726652 0.0173969234607978 0.0411021905508494
"248" 0.0334189075706333 0.0199008123198996 -0.0154836623809239
"249" 0.0325343130094367 0.0172734332279393 0.018804544254205
"250" 0.0329755592687056 0.0178742013462541 -0.029321058981395
"251" 0.0325069859723544 0.0188476223990206 0.048369173893597
"252" 0.0322845882691498 0.0268919022849686 0.0481371246444112
"253" 0.032569958131231 0.026079500083794 0.00264656461622919
"254" 0.0319818032489624 0.0275090849127544 -0.0474078562707106
"255" 0.0330675801507342 0.026911012125386 -0.0412662510983667
"256" 0.0317978937953581 0.0314217347091773 -0.0523379822569677
"257" 0.0318811612601741 0.0165390810331004 0.0462549108846558
"258" 0.0310145574741176 -0.0354441318877377 -0.00777555684180418
"259" 0.0297673247067026 -0.0337713520881152 -0.014776121021716
"260" 0.0326240444757936 0.0108400291447579 0.0444737980445195
"261" 0.0331762536916487 0.0224479916161245 -0.0446113016340418
"262" 0.0329075098273388 0.0269394198299889 -0.0321873428253089
"263" 0.0314293294675618 -0.0115126295473051 0.0273437522233413
"264" 0.03219747319599 0.0200578323328352 -0.000208951979621696
"265" 0.0315945634142347 0.0301018304365483 -0.0182793885137938
"266" 0.0295148024899087 -0.0542796805883366 -0.00866850488953573
"267" 0.0301981006588123 -0.0526954025748581 0.000827937092864691
"268" 0.032111634655905 0.0319851472864778 -0.0562268285274019
"269" 0.0306978388971299 -0.0123305469353646 0.0312120623603886
"270" 0.0324668407576487 0.024670582055851 -0.0389339554877212
"271" 0.0327402511343336 0.026136438787126 -0.00920338898172124
"272" 0.0323983135527611 0.0271932455581205 -0.0387485517879935
"273" 0.0323886016651102 0.0253592250941466 0.0123641313958809
"274" 0.032005376481493 0.0221044678814463 0.0422543972936553
"275" 0.0327223096175738 0.00188454170880332 0.0319247991267612
"276" 0.0301240578889615 -0.0545514624388413 -0.00827111948696732
"277" 0.0329126594145536 0.0252543913053701 -0.0420701367006624
"278" 0.0323755789532191 0.0283215119441286 -0.039892573959097
"279" 0.0323797286597864 0.0218608228165158 0.0204939083117183
"280" 0.0319394246504535 0.0236091138356798 -0.0428939867683137
"281" 0.0304103785995776 -0.0543566809533476 0.00519780799645361
"282" 0.0319676549218186 0.0222504186638192 0.0472816907533328
"283" 0.0296410905430084 -0.0617683575302244 -0.0089485968628978
"284" 0.0309088845847374 -0.00972559348089402 -0.00213959439239072
"285" 0.0328584269685561 0.0284948481150706 -0.0436963845709202
"286" 0.0329828192408499 0.0245214769289633 0.040874819653821
"287" 0.0322476362021619 0.0296322489921428 -0.0495813093994681
"288" 0.0304403356488481 -0.0456730874512714 -0.0067611273102225
"289" 0.0337180309798361 0.0178498139587203 -0.035909111950226
"290" 0.0315535610914336 -0.0290767359553436 0.00780979272495292
"291" 0.0326589418979419 0.0242624426529198 0.0577458168069043
"292" 0.0323469300346331 0.0242940106441488 -0.0484796577950408
"293" 0.0312651529926676 0.00558330638690172 0.0165546299805621
"294" 0.0319406918694771 0.0193342414710566 0.0477047936208453
"295" 0.0329819277022805 0.0260401361992026 -0.0433660479396204
"296" 0.0320341144151649 0.0301561358395919 -0.0525579565164917
"297" 0.0328385408910869 0.0157979364029634 -0.025621442280489
"298" 0.0294420694677804 -0.0600139510304467 -0.0134758550538842
"299" 0.0318879680823018 0.00435624348777711 0.0446538470102941
"300" 0.0311260319054004 -0.013146391680777 0.000863732210545892
"301" 0.0308895135883501 -0.0312510552198073 -0.0110480733611538
"302" 0.0328586944701817 0.0205094626842179 -0.0422595359590424
"303" 0.0309857768514925 -0.0169865096858951 0.0103840818089412
"304" 0.0298110404925563 -0.0110251531540705 -0.0288654187626702
"305" 0.0315060888972314 -0.0259987460466492 -0.0141588387489165
"306" 0.0295316576626264 -0.0633415021295264 0.00281076655846464
"307" 0.0300460412802783 -0.0385305662102146 -0.0164657142283205
"308" 0.030518680305323 -0.0344272073542303 -0.0212356301641126
"309" 0.0309860024752107 -0.0364654886762357 0.0223813141028612
"310" 0.032454507314196 0.0135763768107457 0.0368423999302608
"311" 0.0326750234826091 0.0129200947117995 0.0243330497607283
"312" 0.0326611909002593 0.0249032585780428 0.0437868327197321
"313" 0.0322813149001138 0.0216484077881812 0.0402835109254828
"314" 0.0313285088730741 0.00044720983961534 0.0048329671791249
"315" 0.0319834177524893 0.0246043609631717 -0.0482169876554046
"316" 0.0323224666903882 0.0282834932320039 -0.0374144215529019
"317" 0.0289845747192461 -0.0584071753191668 0.00241129797862171
"318" 0.0324082579801621 -0.00718529263673871 -0.00269646657041761
"319" 0.0317353870761651 0.0305218982387974 0.0411380234805882
"320" 0.0323713166394832 0.0282026692364967 0.0113653102140188
"321" 0.0301954985227013 -0.0600305568803114 -0.00186358173444311
"322" 0.0328841680504403 0.0260179673687709 0.0479757359150339
"323" 0.0324878459259748 0.033203878772393 0.0523299164729781
"324" 0.0301059433428803 -0.0444494080349407 0.00230657301318119
"325" 0.0299293245443109 -0.0595687481531703 0.0046274078014977
"326" 0.0304529337820297 -0.0458468025830324 -0.00268596132821334
"327" 0.0305043989451354 -0.0252313884312582 0.028062716466714
"328" 0.0319686767844004 0.0324977386063031 -0.0311069076983447
"329" 0.0308730526010182 -0.0223884927541112 -0.0225394367988025
"330" 0.032131141227957 0.0172395462378024 -0.0470503021448362
"331" 0.031390759458431 -0.000989080646313319 -0.0254381249664203
"332" 0.033795210992635 0.0199568261145249 0.0128186080889666
"333" 0.0289769159306257 -0.0211513686768049 0.0238375666631668
"334" 0.0295596171106371 -0.0586566386445362 -0.0012800281123028
"335" 0.0292500557886461 -0.0650689490093351 -0.00103544556591844
"336" 0.0301200726043346 -0.0383477982619288 -0.00510299119104643
"337" 0.0303601868986685 -0.062635861993639 0.00435516875415747
"338" 0.0328146584387238 0.0299508951223315 -0.0415055241863995
"339" 0.0332710229705021 0.025367489234083 -0.00421854289730853
"340" 0.0323389949862051 0.0261584298110754 0.0575438546490571
"341" 0.0300854524324117 -0.0280130409956451 -0.0139981980213746
"342" 0.0334689859911189 0.0285099676636315 0.0261916011048849
"343" 0.0288267302154715 -0.0513135930480144 -0.00106725430116315
"344" 0.0319512294228413 0.00723710719834688 0.0387836160288226
"345" 0.0296518900474103 -0.051315699283803 -0.00424863281101135
"346" 0.0312120725097972 0.0118063917485283 0.0508189289263501
"347" 0.0315754050860941 0.00390390154828828 -0.0339504486234513
"348" 0.0300575011391446 -0.053423089494111 0.00442971739350877
"349" 0.0312162388160668 0.00145771656075238 0.0104970015976689
"350" 0.0329880602877762 0.0256844193123078 0.0431416012609403
"351" 0.0322138900565952 0.0165405542990367 0.041911789851344
"352" 0.0328431065197527 0.00450035781211076 0.00289302894193535
"353" 0.0315151664142357 -0.027740106078176 0.00923505815272241
"354" 0.0297535220201209 -0.0472336810241432 -0.0185327141595435
"355" 0.0324519322726795 0.0233270530791556 0.0150484252490439
"356" 0.0305592909226786 -0.0548823080993865 -0.00927454232477339
"357" 0.0318772609611706 0.0186991864117832 0.0142731261282592
"358" 0.0318668011519481 0.0174144777163193 -0.0341822729194383
"359" 0.0291442686347541 -0.039791224044925 -0.0103665597054059
"360" 0.0327070684577421 0.0243779362870954 0.0418940856807769
"361" 0.0318049640305699 0.0270957488058947 -0.0429147730748882
"362" 0.0323014912804916 0.0254639764568681 -0.0135589029108559
"363" 0.0292386356536086 -0.0618934226285634 0.00334229569674893
"364" 0.0326754735785771 0.0238264611289119 0.000153978274944918
"365" 0.0319704843933168 0.0159074492668611 -0.0606711117151773
"366" 0.0327572212256495 0.0362663188573788 0.0571305670813608
"367" 0.0315084185392382 0.0154702645200329 0.0444666303897349
"368" 0.0322757514136259 0.00216203912738145 -0.0193833257694461
"369" 0.0322953520542783 0.0252336819831051 -0.0323697628169074
"370" 0.0329063971071739 0.0250045245720621 -0.0389211454130208
"371" 0.0327951092864654 0.0234999209555198 0.015344545087354
"372" 0.0322685095172292 0.0132763881627875 0.0367218475310116
"373" 0.0327727980936703 0.029956644277164 -0.0445093410510641
"374" 0.0312344447652312 -0.0228428164700672 0.0144015103720815
"375" 0.0322149628930592 0.0215790518765036 -0.0533826257960769
"376" 0.030872332222334 -0.0120776697114025 0.0175988309083297
"377" 0.0327149448481255 0.0243124239386945 -0.00954965466806399
"378" 0.0306373784540549 -0.0319661356531048 -0.0126777361079544
"379" 0.0305212302498977 -0.0445784509859998 0.00418583903757668
"380" 0.0322512288850032 0.02427340416584 0.033115038528001
"381" 0.0312967072332484 0.00237718637963918 0.0250301397822008
"382" 0.0323304282403796 0.0165178410681229 0.0408306033390212
"383" 0.0305242236843107 -0.0154515158473792 -0.010500348432856
"384" 0.029274555889578 -0.068119076449894 0.00657398222070694
"385" 0.0298886713697674 -0.0504302369782137 -0.00210477917995355
"386" 0.0323558988831026 0.0201363866308817 -0.0316093549214858
"387" 0.0311397839608465 -0.0195422311157635 0.0225640145599087
"388" 0.0330993060768891 0.0226759948928718 -0.0403451386401984
"389" 0.0322220264116902 0.00490109791053814 0.0333707457456852
"390" 0.0311900942848039 0.0264838345978133 -0.0255125838936061
"391" 0.0319764322221586 0.0230630296373172 0.0470660470367735
"392" 0.0322312263917399 0.0114383847151827 0.0392489910965052
"393" 0.0322954130392927 0.0273433360749307 0.0448312500466268
"394" 0.0309458389159024 0.00464766427893647 0.0365723169013
"395" 0.0326811913574096 0.0252307417174927 -0.0175268322342288
"396" 0.0315935605019154 0.0278047858563739 -0.000753509453810135
"397" 0.031697214801515 0.00509347106029279 0.00270155825619278
"398" 0.0312646811195978 -0.0442510737289684 0.00648704782164358
"399" 0.0304680504370481 -0.0332507187937807 -0.0175104852870653
"400" 0.0323955420046012 0.0281309223204366 -0.0412000877800512
"401" 0.0323239638079296 0.0284417601426376 0.0554035544038248
"402" 0.0322075956008028 0.0264470364651216 -0.00309674292156652
"403" 0.0313427235389745 0.0240600186464826 -0.0424479750303396
"404" 0.0322633434951839 0.0118167894277277 0.0394440019207653
"405" 0.0310722971407145 -0.000558064960293174 -0.0409512311472812
"406" 0.0317807859538782 -0.0185779784425675 0.0306033781992267
"407" 0.0321961038239745 0.0282502518381316 0.051346375152969
"408" 0.0328610857783271 0.0284706271459006 -0.0337627469240734
"409" 0.030956749869443 -0.0110452364867911 -0.024065065113159
"410" 0.0315382825001124 0.0108714345496027 0.0216264212477301
"411" 0.0319974912485822 0.0273279360005318 0.00284031230235928
"412" 0.0330256008014353 0.0255314547547413 0.0460814635421067
"413" 0.029432782923844 -0.0559335106426524 0.00774165880455068
"414" 0.0315102192399851 -0.0072963023450814 -0.0388304321971378
"415" 0.0321070366920843 0.0264947815897295 -0.045827889358909
"416" 0.0313885976683595 0.00352787729480352 0.0389648086211951
"417" 0.0320952170604671 0.0248938963894062 -0.0343910368223537
"418" 0.0304997574664032 -0.0394623783016279 0.0096955239676741
"419" 0.0321901790231406 0.0276965888443327 0.0350137010110021
"420" 0.0328312693520092 0.0260357439701717 -0.0509024188077449
"421" 0.0325540513957167 0.0214007328475404 0.0591444771502233
"422" 0.0326542390247196 0.0218076811290565 -0.0303624151676884
"423" 0.0298965027969233 -0.0519583037043546 0.00645590862199235
"424" 0.030902474532022 -0.00590829399579946 0.0359714638510421
"425" 0.0319181588717044 0.0262406964893651 -0.0465418021644427
"426" 0.0314458826654552 -0.00411377801704963 0.0269654762623847
"427" 0.0321524687769023 0.0256429131475201 -0.0357226936813825
"428" 0.0329693823861077 0.0209524528666898 0.044657484217794
"429" 0.0322121032147718 0.0261427132787824 -0.0528607147576445
"430" 0.0333635465834155 0.0231912062884783 -0.0460544736302612
"431" 0.0330901475369204 0.0297475428549016 -0.0252263733835769
"432" 0.0315976382189459 0.0120007189584172 -0.00780413164969591
"433" 0.032302227314355 -0.00339316276751589 0.0278186783550718
"434" 0.0325583349974012 0.0186434172028767 0.0499404107887383
"435" 0.0299899935056283 -0.0434655138843395 -0.00260291246608914
"436" 0.0294543081873743 -0.0522110683189352 0.0150971670156231
"437" 0.0293954423212367 -0.0604871119569643 -0.00312572190137023
"438" 0.0323946889049683 0.0119803685812261 -0.0199314707320743
"439" 0.0314834069689796 0.01539706636035 -0.0390677962423921
"440" 0.0325778969302872 0.00777313093217474 -0.0354962972970175
"441" 0.0333380237823023 0.0249826790261449 0.0249290292854857
"442" 0.0324509123978642 0.0237098312376643 -0.0404307919348893
"443" 0.0324012026171543 0.0138652798207772 -0.0345466035119823
"444" 0.0321047241559616 0.0128769049834893 0.0235105881109128
"445" 0.0325427677730599 0.0204376503628093 0.0421461295942499
"446" 0.033165046909034 0.0227121123855452 0.0223061796040242
"447" 0.0297018471136856 -0.0527813170446942 -0.00139151311287207
"448" 0.0333231617869647 0.012260620098519 0.0312000638204962
"449" 0.0319052513749829 0.031904178642035 -0.0587504660450957
"450" 0.0333516639118439 0.0202156655217262 -0.0288778813761956
"451" 0.0301604223204666 -0.0458371825435381 0.000201384602707902
"452" 0.0320229091446509 0.0256403529571715 0.0455331821388979
"453" 0.0295379737146257 -0.0637615532509434 0.000246171517086132
"454" 0.0322304645721573 0.0299452451581067 0.0393409681675458
"455" 0.0285588652156861 -0.0626986476740066 -0.00324389615697943
"456" 0.0319892249595023 0.0123872774585113 -0.0324591203771681
"457" 0.028588158394527 -0.0526250783471922 0.000539742412741709
"458" 0.0317792037837659 0.0210868867958937 -0.0401938852078165
"459" 0.0324782735120814 0.0166594814971075 0.0335350299883431
"460" 0.0320421976377408 0.0164044436285063 0.049883267852603
"461" 0.0320942795065655 0.0220723688685147 0.0284541246678246
"462" 0.0299010311877235 -0.061628845415652 0.00191213662686992
"463" 0.0317235106287563 -0.020326227307682 -0.0156572625440364
"464" 0.0304608682914964 -0.0138787891450529 -0.025222457887713
"465" 0.0296908600084606 -0.0427049896810119 0.00837599039360251
"466" 0.0302614039557513 -0.0344202689269855 0.0127803944709857
"467" 0.0322562467465062 0.0236893166645951 0.0295828016494232
"468" 0.0317476630746819 0.00654854692719446 0.031436315160765
"469" 0.032069452585983 0.0182131078909602 0.0371100588587835
"470" 0.0326898242468405 0.0284248007054597 -0.03210299509925
"471" 0.0332099144812609 0.0238207299866106 -0.0405885016805138
"472" 0.032037867380395 0.0253495891537577 -0.0378016582043014
"473" 0.0314626798342697 -0.043940352832211 -0.00517449335212279
"474" 0.0323597919335743 0.0118161501560389 0.0316784325053979
"475" 0.0327280272699545 0.0102729984819995 0.0116260622097897
"476" 0.029126889627225 -0.0364414402289013 -0.0106065670652203
"477" 0.0312857189486516 0.0159914384694167 -0.037701832449208
"478" 0.0325944862322345 0.031022211525815 0.024922223669301
"479" 0.0311555965397935 -0.0195347433633964 -0.0168301527780137
"480" 0.030227394926796 -0.0417386406507581 0.020076012893575
"481" 0.0299976755986063 -0.0629727915517177 0.00108031359171642
"482" 0.0317590316530578 0.0180114782989765 -0.0519701487398999
"483" 0.0304012223863634 -0.0553802075600858 0.00406297433148742
"484" 0.0297215838560244 -0.0486574529529409 -0.00160388076609848
"485" 0.0320176547519647 0.0233455017190585 0.0583142877965871
"486" 0.032102545243986 0.00557004533263218 -0.0166843597194153
"487" 0.0325589236307707 0.0280343899344967 0.0425866160644833
"488" 0.0332786816279003 0.0247698448384019 0.0392161218355288
"489" 0.0308313667287242 0.00858095254060549 -0.026289801287388
"490" 0.0303508615318903 -0.0422214344757119 0.0147796434127579
"491" 0.0294246023070502 -0.0649927891762823 -0.000363437490674636
"492" 0.0314267082590591 -0.0348230373731404 -0.00776366572395214
"493" 0.0286170108628798 -0.0627022513097628 0.00764224269619317
"494" 0.0313664049440328 -0.0264048783285733 -0.0107756288242521
"495" 0.0332829225450583 0.0290991535582019 0.0225397147843982
"496" 0.0330912806070687 0.0135721357052634 -0.0184198645144542
"497" 0.0320271597640832 0.0291391710819637 0.0458249672166002
"498" 0.030772211015492 -0.0259509873176286 -0.0244022936797357
"499" 0.0321893196163194 0.0029491992629807 0.0216291348578198
"500" 0.0308106440203026 -0.0259705383355212 -0.0206016229215556
"501" 0.0317976082071656 0.0289158571197488 -0.0407166123133496
"502" 0.0311919374852726 -0.00963909702187172 0.00520725957945162
"503" 0.0333939443455894 0.0168305232352614 -0.0392573537105805
"504" 0.0322058174293897 0.0264785414438527 -0.0327060019882716
"505" 0.0295654804926658 -0.0597950401143614 -0.0026255344982455
"506" 0.0327353403915995 0.0214339045210412 -0.0374577240911653
"507" 0.0324546881252764 0.00665560062027582 0.0390273610929769
"508" 0.0329230274046159 0.0267541939339782 0.0180332569733421
"509" 0.0295110422129821 -0.056115206524207 0.00420796278267375
"510" 0.0286672190082628 -0.0595648880903102 -0.00550908339099279
"511" 0.0300594874210511 -0.0586756860522457 -0.00932539651867099
"512" 0.0309195942030401 -0.0404752870249773 -0.0104847552873173
"513" 0.032791229233393 0.0267457222846171 0.0371326856250839
"514" 0.0301814307219347 -0.0417048564043104 -0.00480819640733167
"515" 0.0339909726962997 0.0221807796543014 -0.0278978914937548
"516" 0.0325315035353914 0.0357190553321334 -0.0503614233911779
"517" 0.0329879889719637 0.0275067797889597 -0.0228848975128761
"518" 0.0306044712439156 -0.0201317825310387 0.024509311261608
"519" 0.0302180274050876 -0.0403921067933557 -0.00766536030504255
"520" 0.0320559510218622 0.0138163465142407 -0.0143062647240617
"521" 0.0298510410309078 -0.0519466932713454 0.00480403733415779
"522" 0.0321541794563589 0.0218061381416191 0.0418144472359947
"523" 0.0299819377032475 -0.0405803871353582 -0.0178369100623107
"524" 0.0297857362556019 -0.0249229877793942 0.0224691995360749
"525" 0.0296833301848255 -0.0497898879688687 0.00502484465537367
"526" 0.0319426273973496 -0.0160432583224354 0.0211943960872963
"527" 0.0320441140344932 0.0236218293819902 0.0487984396559186
"528" 0.0295181044494593 -0.068734937052413 -0.00239480235334646
"529" 0.0322717812668029 0.027464443388539 0.0519685686175092
"530" 0.0326709642216304 0.0216833626308834 -0.041951640522684
"531" 0.0329794833827733 0.0246670961950659 0.0446114258420808
"532" 0.0280769289917533 -0.0621946789300972 -0.0026930845030898
"533" 0.0326929178925659 0.0290263938152759 -0.0466405069964482
"534" 0.0310059810459207 0.00279670696113229 0.0323210799138055
"535" 0.0302644608308921 -0.0419185455647498 0.00411644445264483
"536" 0.0314250543701953 -0.0193579408906312 0.0174900711543954
"537" 0.030194220810964 -0.0349082043320121 0.0106912685075703
"538" 0.0317356941105211 -0.0213014939389295 -0.017170190600001
"539" 0.0327830773345096 0.0224802694452815 -0.0390307805967863
"540" 0.0291490871446829 -0.0552344968649515 -0.00596034374689387
"541" 0.0325866417105711 0.0285828758623711 -0.0433848738211876
"542" 0.0303264864646466 -0.0371032536096614 -0.00851532681982777
"543" 0.0305221876122317 -0.00206155127658592 -0.0360522040279575
"544" 0.0322856079936888 0.0287516975027963 -0.0371572547138182
"545" 0.0302799465962648 -0.0342171252525304 0.0156069803156581
"546" 0.032508499332523 0.0300931396892089 0.0526985596718821
"547" 0.0291160862680435 -0.0603933095319926 0.00305211370327774
"548" 0.0302705824231717 -0.0533402287526446 -0.0122090851999638
"549" 0.0323542710906498 0.0276763414291983 0.0437022824681254
"550" 0.0327457936719372 0.0254970177170417 -0.0463022552240053
"551" 0.0324905220556388 0.0295087273858468 -0.0280114100735629
"552" 0.0327556232783877 0.0218013437147244 0.0464744601508283
"553" 0.0326787953622573 0.0221413917455788 -0.0413245364518008
"554" 0.0332883358750066 0.0226129073859397 0.0458296467224351
"555" 0.0325426231531315 0.02586876272056 -0.0271152994201309
"556" 0.0316899814808736 0.0151121264198172 -0.04674425288329
"557" 0.032612617878462 0.0210955861695053 -0.0459602952496183
"558" 0.0333138803597549 0.0227723077346497 0.0447027815731272
"559" 0.0297280947240768 -0.0494730831095309 -0.00710601746553598
"560" 0.0318277153658703 -0.0155698205846471 -0.00494220676961882
"561" 0.0323779006046442 0.0207561286570447 -0.0375426942477018
"562" 0.0322317843278733 0.0324223175418323 -0.0532099441484412
"563" 0.0323981928346129 0.022392990434787 -0.0410191249276216
"564" 0.0308177387105545 -0.0187821336403266 -0.0200365465129861
"565" 0.0324508928027661 -0.000459092531535503 0.0207233072690031
"566" 0.0320034848876689 0.0184386960409455 0.0476661493569857
"567" 0.0327327311903758 0.021423721222479 -0.0315380412039401
"568" 0.0326075802062641 0.0208806384714375 -0.0454445441036576
"569" 0.0315085486093417 0.00838416412578418 0.0464281091804129
"570" 0.0299714997853768 -0.0316194025722662 -0.0160045560515356
"571" 0.0326700996386117 0.0240293444770138 -0.0182886928721858
"572" 0.0294248431237667 -0.0495972421856397 0.00566769868501393
"573" 0.0320570166891049 0.00297039109003241 0.039294049490779
"574" 0.0287884068073058 -0.0597496222473933 0.00945008413949565
"575" 0.0322300452392128 0.0125634981052613 -0.0403639410813733
"576" 0.0321194317698467 0.00735889734375642 -0.0391033362434029
"577" 0.0327175459052917 0.024821873739613 0.0179074420354946
"578" 0.0296133248006684 -0.0260418835142345 0.0146610761168874
"579" 0.0301513509272819 -0.0647062689581284 -0.00282840414690572
"580" 0.0306918083620528 0.0010558972738857 -0.0245850575495178
"581" 0.0308649336452223 -0.0390655348454079 0.00857534389046776
"582" 0.0333239379839887 0.0210512904010761 0.0128798545513964
"583" 0.0317319769263761 0.0207046170256615 0.0464381236199346
"584" 0.0326932635152909 0.0228148649986044 -0.0502622889754637
"585" 0.0307052735028493 -0.0066333759729983 0.0218859930690451
"586" 0.0299749112584373 -0.0521386530672569 0.00158103212187897
"587" 0.0330447412186222 0.0130657797494897 0.0266231008950203
"588" 0.0325022535102243 0.0275937997921392 -0.000358526590429779
"589" 0.0324871737908692 0.0184345809383536 0.0546745133330344
"590" 0.031632204384892 0.0200302023669188 -0.0177799993980865
"591" 0.0327152611730738 0.025078249264 0.0379515911578127
"592" 0.0291517826461994 -0.0690901735339138 -0.00672808461422114
"593" 0.0316738616066615 0.0086013459208039 0.0139411431696745
"594" 0.0327981620777222 0.0207225047303056 0.038054727643309
"595" 0.03284909869075 0.0203336728735923 0.0241513856787192
"596" 0.0319886211353136 0.0199956598398172 -0.0515556319897761
"597" 0.032747124376037 0.0173075826912555 -0.0354144640986059
"598" 0.028813031548684 -0.0565443469249205 -0.00688895494314984
"599" 0.0331900287457906 0.0258734364216301 -0.0382359789831486
"600" 0.031234698659066 -0.0226184805994672 0.00898749734329952
"601" 0.0332599836875817 0.0269592790598571 0.0478417759665912
"602" 0.0322094983882517 0.0262804126413459 0.0530596542698759
"603" 0.0327637781830664 0.0234442514329945 -0.0446954784451474
"604" 0.0315924395347684 0.0207748190481398 -0.0103643452755477
"605" 0.0295687923425264 -0.062560588961859 0.0098305724163705
"606" 0.0294127988734989 -0.0547938451021158 0.00538112921302146
"607" 0.0324190297540232 0.00908434620757956 -0.0296379834643007
"608" 0.0322444405914085 0.0268863193657661 -0.0517151608345245
"609" 0.0318921574687962 0.0247291215498084 -0.0408821547802466
"610" 0.030839736043208 -0.0325008309456378 -0.00980442423664292
"611" 0.0294604787768395 -0.0556514793252286 0.000469549475530688
"612" 0.0299291144156277 -0.0578859526849801 -0.00238423579040717
"613" 0.0326468855919948 0.0261713152148456 0.0439371112264862
"614" 0.0308505990577887 -0.0274476277069367 0.0143743995656362
"615" 0.0323209275068949 0.0212607021303485 -0.0122902682234841
"616" 0.0315949119249714 0.00803297554816256 0.0466928177857184
"617" 0.0307872522366084 -0.0386665287205433 -0.012264547598664
"618" 0.0288744496747531 -0.0451414625020375 0.00120445182127513
"619" 0.0321576232038297 0.0236156454827518 -0.0333066571214121
"620" 0.0316835358254005 0.030235250502846 -0.00361913605442181
"621" 0.0329770340862409 0.0200163564881417 0.0446903642597245
"622" 0.03138653161357 0.0179387753455821 0.0377396065407637
"623" 0.0299521128028364 -0.0146117470756014 -0.0232722729630991
"624" 0.0308409855008159 -0.0127816930981564 -0.031921908378786
"625" 0.032239364495656 0.0196673136753796 0.00625986833438202
"626" 0.0319597592440631 0.014245860096073 -0.000484935473753149
"627" 0.0293250524434543 -0.0617772233752163 -0.00536029745637841
"628" 0.0293828537459694 -0.0636348171728953 -0.0049391241892519
"629" 0.0314780650712307 0.0074232335391555 0.0353718938781859
"630" 0.0298293267782686 -0.0510803490139461 -0.00949132421379456
"631" 0.0319460082528126 0.0143699066394755 -0.0350896701412394
"632" 0.0328109634402378 0.0278957579524271 0.0477408593738071
"633" 0.0327052626022839 0.022594518385757 0.049538248161045
"634" 0.0302783333824874 -0.0578790039022415 0.0023092884668415
"635" 0.0317094458089753 0.0222973683961356 -0.0461209339771268
"636" 0.0318286966158925 0.0286036524345536 0.0485910055389783
"637" 0.0329055800084766 0.018236466958959 -0.0376231144709799
"638" 0.0303552881401414 -0.0434587353191389 0.00973146996322583
"639" 0.0296858581413738 -0.056555753229807 -0.00198493206042963
"640" 0.0308179257823321 -0.0192414131738541 0.0290128300520826
"641" 0.0286223602942722 -0.0668380240457555 -0.00159051558972971
"642" 0.0300236624717524 -0.00628215235207434 -0.0307587251944665
"643" 0.0322358436862522 0.02840529058657 0.0401653436366771
"644" 0.0308272110400076 -0.0399450227512332 -0.00805285797263833
"645" 0.0308845304399627 -0.00719395646491737 0.0192526584704634
"646" 0.032692299287377 0.0243751290351912 0.0552354544170068
"647" 0.0316374381788049 -0.0216702270017486 0.0137256944535593
"648" 0.0301526810653939 -0.0556333675220413 -0.00998135892923238
"649" 0.0321321017332205 0.0251517099345216 -0.0159095597263417
"650" 0.0298543813304274 -0.0606898942176899 -0.000700530078574903
"651" 0.0301927370839099 -0.0436088767121583 -0.0103671428871148
"652" 0.0320592227667795 0.0269105005334145 -0.0246051123003436
"653" 0.0334116054172138 0.0203969160330642 0.00713611790928322
"654" 0.0325864028380882 0.024189808988457 -0.0146035403747699
"655" 0.0330549116848755 0.0212254351284675 -0.026850084918661
"656" 0.0303549405133183 -0.0477366298347975 -0.000956098908944714
"657" 0.0322330375101534 0.0217922613408701 -0.0523556815605358
"658" 0.033113104871647 0.0290201320794813 -0.03779710372101
"659" 0.0294169317618642 -0.052335010280577 -0.0121508634493739
"660" 0.0307954544960324 -0.0343744633438511 0.00516919642134869
"661" 0.0303809456776162 -0.0501104471347369 -0.00705961049133992
"662" 0.029189964590938 -0.0631944685229597 -0.0177216234110933
"663" 0.0318068391609038 0.0260585262176665 0.0307394037519195
"664" 0.0322340988727928 0.00184207875924032 -0.0174094131120344
"665" 0.0303464879715085 -0.032707390507442 0.00757493891580271
"666" 0.033827081318815 0.0201998257687989 -0.0104207701502958
"667" 0.0296754368360519 -0.0389737069076128 0.0150374548420328
"668" 0.0314259170901729 -0.00290519146298641 0.0310017039816729
"669" 0.0331354027969065 0.019616806955548 -0.0358656403464796
"670" 0.0318630142112906 0.0344846388813992 -0.0418300642785985
"671" 0.0287928176982865 -0.0418022876854517 -0.0145220615048276
"672" 0.0316070086409865 0.0209699631636193 0.0574057957860021
"673" 0.0304873860531794 -0.0232900492737905 -0.0211961283369263
"674" 0.0327389659827093 0.0276365341672243 -0.04081007957572
"675" 0.0292784502755612 -0.0516953202021943 -0.00098864941930199
"676" 0.032022356830581 0.0136590348058944 -0.00932075223367941
"677" 0.0315812803770319 0.00181601738471906 0.0323713188040216
"678" 0.0327503144988769 0.0255522465464642 -0.0283056395104446
"679" 0.0322940327242142 0.0277901802761464 -0.0353192154240188
"680" 0.029129000934875 -0.0631997101588433 -0.00593101668640972
"681" 0.0305880499444506 -0.0508169105178607 -0.0154886831912238
"682" 0.0301047373428356 -0.0210413158018829 -0.0198285426869408
"683" 0.030729137754109 -0.0256037445143123 -0.0135450345978685
"684" 0.0316812088868616 -0.0468750982808872 0.000775904955220471
"685" 0.0318229045273779 0.0127831432885678 0.0079164505610934
"686" 0.0326880363599908 0.0172702255146068 0.0394781817967283
"687" 0.0307306914474914 -0.0353064025175632 -0.00549379104319622
"688" 0.0323904259990092 0.0198377821501352 -0.0180478736384636
"689" 0.0312598224872279 0.0106698075636257 -0.0421886154741364
"690" 0.0323718947033036 0.025338460574857 0.047714297599043
"691" 0.0315403332782608 0.0209330606430095 -0.0560911418824887
"692" 0.030520917592685 -0.0434914076936964 -0.0114347675489249
"693" 0.030536638317637 -0.0111482871556635 -0.0199498170753138
"694" 0.0310542565700417 0.0289479413649313 0.0201751786607875
"695" 0.0329924062064639 0.0133381002812749 0.0439599489552224
"696" 0.0315040949529233 -0.0108640291122097 0.0282013923476877
"697" 0.031908121163103 0.0297806665571001 -0.012648585107399
"698" 0.0324741596746149 0.031835119436355 0.000149324766810822
"699" 0.0321948984721897 0.0198912019484034 -0.0363798067848915
"700" 0.0303216479007784 -0.0262461142980865 -0.00843198218942426
"701" 0.0313225812707566 -0.00351753685219273 -0.0147615187065102
"702" 0.031391342394914 0.0210905886966812 0.0511693112350356
"703" 0.0300540832371737 -0.043158734697466 -0.00485240004869746
"704" 0.0309003439819182 0.000646580969372457 -0.00468885833106606
"705" 0.0307482920933251 -0.0515278818372088 -0.0081232486524878
"706" 0.0313239444856488 0.0113997976371387 0.0414783783775703
"707" 0.0310885471662882 -0.0152651383097982 -0.00813338534352109
"708" 0.0319357523673652 0.0118784896533355 0.0356505366132
"709" 0.0311686994534742 -0.0323328410076028 -0.0251215245445525
"710" 0.0293995951329732 -0.066731555339891 -0.00236341594670296
"711" 0.0319646306043269 -0.0175687838337699 0.0199064143489136
"712" 0.0323772320007609 0.0214882015447323 0.0172765032574747
"713" 0.0326566471130389 0.0235158776257909 0.037499549570248
"714" 0.0319339296612292 0.0220161600120418 0.0352689777476109
"715" 0.0321517164609514 0.021979703166522 -0.0308632521685702
"716" 0.0324918900202346 0.0302454650740987 -0.0414654819037413
"717" 0.0325189205205604 0.0188030335349256 0.0462588367695896
"718" 0.0327966438030138 0.0261598558353825 -0.0295866574513384
"719" 0.0317379466222032 0.0118293168217251 0.0379344463981165
"720" 0.0335013465786373 0.0146331008732326 -0.0403429228970265
"721" 0.0325492918738231 0.0108248315746214 -0.0505895981234185
"722" 0.0331389625829972 0.0190620346408369 -0.000172611326378308
"723" 0.0325401691773999 0.0163228525931315 0.00149011881501044
"724" 0.0332040151855813 0.0253271388984833 -0.0413415392611923
"725" 0.033427551818086 0.0168186912622783 0.043827055105087
"726" 0.0310158239628368 -0.0353825144640957 0.00925636086518832
"727" 0.0302490975705487 -0.0478851812390068 0.0161871537007292
"728" 0.0294371447701347 -0.0661575534700493 0.0023378746842408
"729" 0.0300704590959156 -0.0266442123092097 -0.0209401031154883
"730" 0.0327286841537409 0.0257040694902368 0.0319506320502793
"731" 0.0280985036407816 -0.0718465044310898 0.00693024638833458
"732" 0.0326120868191959 0.0251664638545716 0.0455564748123248
"733" 0.0325606919346073 0.0286636813582906 0.0499721114841722
"734" 0.0287833415771627 -0.0667437882113392 -0.00228631398938702
"735" 0.0298837486256844 -0.0349638231373836 0.0159668886263337
"736" 0.0311194000731622 0.00823322208077966 -0.0396188935401197
"737" 0.0304331173973481 -0.0442382396756062 -9.78881340830981e-05
"738" 0.0316658031018335 0.0236410030337519 0.0455567163447708
"739" 0.0328311095942076 0.0235746363801984 0.0231082584097638
"740" 0.0320722567095128 0.0191312813415359 -0.0365328834112005
"741" 0.033918405689955 0.0199986320036788 -0.0148382651498412
"742" 0.0286604467481237 -0.0665567161628447 0.000191071423674796
"743" 0.0294800153634363 -0.0615554214182029 0.00302783465289551
"744" 0.0318330656965286 0.0274145243182495 -0.0130271962383784
"745" 0.0306189860519361 -0.0322397966397358 0.0148522396853905
"746" 0.0300514325434385 -0.0652598545283926 -0.00111168582319665
"747" 0.0331931503453759 0.0206629379041225 -0.0384418155518131
"748" 0.0338203222415566 0.0195416837498849 0.0353851890667035
"749" 0.0330290137188073 0.0248887497228868 0.0398365552610545
"750" 0.0321902579965686 0.0230898788583102 -0.0374108553557893
"751" 0.0321453383483609 0.0250468253392508 -0.0465484593952384
"752" 0.0333932276474144 0.0259491063038479 0.0464007235437162
"753" 0.0311819365508061 -0.0170545172135681 0.0126337996124797
"754" 0.0311989680361403 -0.0155955145569611 0.0223264746360872
"755" 0.0305873222190531 -0.0415456534727327 -0.0104929679581897
"756" 0.0322018902727817 0.0102448166309373 0.0404152317040097
"757" 0.0322444387682538 0.00140988163624411 -0.0292881802856411
"758" 0.0321532634442569 0.0203215971463467 0.0490287357220683
"759" 0.0323679051767128 0.0213714259455723 -0.00768843673846995
"760" 0.0322544145277987 0.0199741191847097 0.0493322193788837
"761" 0.0293879226651329 -0.0550333738432692 -0.0102122866962544
"762" 0.0325895415632383 0.0211149772715313 0.0179300760571231
"763" 0.0326688916381507 0.0155984430556482 -0.0212417058449973
"764" 0.0310554904010802 -0.0166437965789225 0.017521864418232
"765" 0.0302685323160967 -0.0393784789653943 -0.00563199747655493
"766" 0.0332431289727001 0.0254792682334854 -0.00457293157997403
"767" 0.0325115079050335 0.0215541679236119 0.0306640913100673
"768" 0.0306082557453214 -0.024074039703561 -0.00979417445208391
"769" 0.0310784196203588 -0.0195643248432327 0.0246262389127137
"770" 0.0304897799038395 -0.0329195418876337 -0.000129746036252669
"771" 0.0316598744343944 0.0106120911820959 0.0319797465131387
"772" 0.0292690576027531 -0.0599509940991754 0.00421186606195684
"773" 0.0321178658853319 0.014758984241855 -0.0247449858358987
"774" 0.0317055398749908 0.0212211710909815 -0.052372411800249
"775" 0.0321356401070755 0.0219578785823465 0.0467463044498983
"776" 0.0324959392226814 0.0169457852195641 0.0201628269603174
"777" 0.0306027913921604 -0.0348786957751187 -0.010462533430298
"778" 0.0325021416911019 0.0288188262267514 0.0503078922223059
"779" 0.0320676895937271 0.0324993295693577 -0.0103293468866731
"780" 0.0324672229870258 0.0264052532832122 -0.0511951702680105
"781" 0.030829017973414 -0.0227689432528994 0.00367370677762165
"782" 0.0334181334387949 0.0267851993987908 0.0463178899969289
"783" 0.0311448740237806 -0.0173860372588098 -0.0315114592591985
"784" 0.0325357192691952 0.0231502161712472 0.0517544152122472
"785" 0.0313190412779785 -0.0103080212301031 -0.0184552677527812
"786" 0.0287286373801747 -0.0630144006287626 0.00441573473998437
"787" 0.0296239199781102 -0.0607868569430744 0.00133065314489699
"788" 0.0327803114136775 0.0162277170222383 0.0218347380152345
"789" 0.0325446045288549 0.0233456506446519 0.0262258017884985
"790" 0.032388851209557 0.0257935206520092 -0.0342219061130792
"791" 0.0328875729037671 0.0184341280451875 0.0434391215130029
"792" 0.0327651591304676 0.018826791825828 0.0464056713950511
"793" 0.0322632749291243 0.021825460643487 0.0404404449727127
"794" 0.0306169573750219 -0.0316818582949147 0.0167226284145388
"795" 0.0306080064600976 -0.0373216823266306 -0.0128637699952709
"796" 0.0314700374962537 0.0250857361014995 -0.00868475074823214
"797" 0.0298596272919541 -0.0441191278973429 0.0161821038331972
"798" 0.0324400518763398 0.0260050686803845 -0.0307203961760594
"799" 0.0300970431983867 -0.0586213779917102 -0.00100164635534868
"800" 0.0316865385923776 -0.00992763006837374 0.028795831618028
"801" 0.0313063991418325 -0.000318354926833317 -0.0335818216498893
"802" 0.0320978298015679 0.02350371653632 0.0306787420558834
"803" 0.0296923555979166 -0.0528467095352264 -0.0142901825555011
"804" 0.0326052741694648 0.0270437955968988 -0.00190389815881944
"805" 0.0310202514544829 -0.0383123528519916 0.0121092165808444
"806" 0.032611982908456 0.0287536380197796 -0.0362021377659859
"807" 0.0326145093245223 0.0276939014710681 -0.0286590787039375
"808" 0.0318330945507585 0.0263586524534287 0.0286172643348117
"809" 0.0315819294339178 0.0112538000875462 0.0175577067768916
"810" 0.0308102791948535 0.00980656602948525 0.0260859389723022
"811" 0.0325292377986614 0.016776567923667 0.0351300119733973
"812" 0.0312629295031891 -0.0203883853042965 0.0150453139261068
"813" 0.0321522924672793 0.0275799523198353 0.0240970767938482
"814" 0.0287710042830108 -0.0647091509341978 -0.0043819637534616
"815" 0.0311276772022479 -0.0349458615222262 -0.00729355439139461
"816" 0.0329799413811015 0.0222892947620034 -0.0451977931674686
"817" 0.0322461560222746 0.00888599375132426 0.0460814810775002
"818" 0.0324707581956116 -0.00259166729457525 -0.0289969537327364
"819" 0.0328301374098024 0.0242471618024981 0.0193776764090238
"820" 0.0319146766400067 -0.0100285941186505 -0.0262407214785106
"821" 0.0329856832204393 0.0243046868031671 0.0536936296754954
"822" 0.0328392374159795 0.0252607789620971 -0.0349095990832699
"823" 0.0312987036849762 0.0308594868469151 -0.0539323699551817
"824" 0.0319672891204644 -0.0021158161572302 0.0368853322252924
"825" 0.0326910093564383 0.0275281701892154 -0.0497385192019643
"826" 0.0304930359375273 -0.0466239938637144 0.00903910495221722
"827" 0.0306748095948635 -0.0264803938698178 0.00451861451679844
"828" 0.0326260958542463 0.0232809676064296 0.055270582411473
"829" 0.0327721918431563 0.0298891447770976 0.0361017092181994
"830" 0.0292906488510811 -0.0271793508140163 -0.0227773323212439
"831" 0.0329788516452196 0.0188564697830821 0.0379286497208876
"832" 0.0332335145325153 0.0241495164946244 0.038690288124557
"833" 0.0314950410972246 0.0148181535339524 -0.0267462065729835
"834" 0.0331028576960023 0.0254748737071124 0.0348182878378423
"835" 0.0304417962384458 -0.0533530988689806 -0.00745155939578491
"836" 0.0294162215011866 -0.0622991829656681 -0.00767516371819059
"837" 0.031233568181159 -0.0198756741784912 -0.0246081167309633
"838" 0.0326232264487621 0.0264545730985947 -0.0399201358949887
"839" 0.031505350177094 -0.00643144200041129 -0.00513277201980135
"840" 0.0325606808039577 0.030955444116342 -0.0349160668558622
"841" 0.0314420882796931 -0.0289310275805794 -0.0193457547805578
"842" 0.0310232147820236 -0.0308025438211307 -0.0149283783626498
"843" 0.0324539995654896 0.0280213470260923 -0.0456539078232318
"844" 0.0294503420012313 -0.0612896488018655 0.000170117236686151
"845" 0.032403183717226 0.0293955654600696 -0.0553053496775382
"846" 0.0327885982862959 0.0276603175430084 -0.0463422861913319
"847" 0.0332904089095777 0.021857333356041 0.042330618586107
"848" 0.0295185261755475 -0.0500766174546826 0.00468817720475717
"849" 0.0321336603373027 0.017753821437804 -0.0360311287524104
"850" 0.0320544542324594 0.0226755713992302 0.0373672700317933
"851" 0.0327950122902717 0.0258501420369411 0.00463358578485417
"852" 0.031899575242697 -0.00459386736937402 -0.0293815332239999
"853" 0.0288733566393896 -0.0601788242365065 0.00561540358202461
"854" 0.0325944035206433 0.0245827165584949 -0.0416145676734535
"855" 0.0320375104034537 0.0273764309996842 -0.0459920474466874
"856" 0.0325312351851734 0.00724221423995004 -0.0228339432617601
"857" 0.0300418598110505 -0.044268280712062 0.0173043749413051
"858" 0.0298430694235285 -0.0595304832769834 0.00161935334962648
"859" 0.0318014859534159 0.0177957167460343 -0.0230459298950015
"860" 0.0321758684614628 0.0223371204756996 0.0430924697313033
"861" 0.0325960541988371 0.022133707408036 -0.00698383487985534
"862" 0.0313466938090695 0.00829722748898762 -0.0447480047250661
"863" 0.0297920198729626 -0.0472006245617525 0.00989045943210258
"864" 0.0333120329096137 0.019708623227221 -0.0274815175997095
"865" 0.0322232601656245 -0.0116270850391557 0.0335358412165033
"866" 0.0312858802585867 -0.022360729508312 -0.0270158718779213
"867" 0.0313034284516169 -0.0188399837062141 -0.0215353686929667
"868" 0.0328058074841342 0.0224588389506364 -0.0355309318423027
"869" 0.031577140453758 -0.0141585460125491 0.0210537560714622
"870" 0.0326569251149796 0.0208298489591429 0.014573584393952
"871" 0.032019870397371 0.0202117307779532 0.0366464722247544
"872" 0.032549607111755 0.0231950206432693 -0.0397864389927322
"873" 0.0326918595705608 0.0233329005719497 -0.0470871315231003
"874" 0.0324183219620348 0.0295710072513389 0.0461316886318062
"875" 0.0334853291693082 0.0235525961869285 0.0269578649912193
"876" 0.0324593532928417 0.0220017336151489 0.0308837943413037
"877" 0.0326617538628806 0.0244704231297335 0.0373506258383876
"878" 0.0331458469288052 0.0246380573578634 0.0475542817327971
"879" 0.0292187989247071 -0.0622745212485881 -0.00570259800618252
"880" 0.0312067145450066 0.028093169177545 -0.0485757940717645
"881" 0.0310044436211218 -0.0332434404220658 -0.013887496532275
"882" 0.0317558996755127 0.0282801864865137 0.0339412666260707
"883" 0.032528593814465 0.0286730768666444 -0.0199197135889949
"884" 0.0320875353626478 0.0267305012947135 -0.0315084057485575
"885" 0.0323026538356184 0.0227744465116914 0.0365194447890223
"886" 0.0312000174630626 -0.0162299289356583 -0.0044919790157144
"887" 0.0326469247140006 0.0243887741592035 0.0531078343557445
"888" 0.029176785350237 -0.0483235863153155 -0.00319794001719646
"889" 0.0322276431812112 0.0232839882607525 0.0363386643254534
"890" 0.0330100159362639 0.0271010688210072 0.0469651255518425
"891" 0.0297478254238561 -0.0670326554519578 0.00603006355848705
"892" 0.0306231658507437 -0.0152940369928814 0.0253216565324219
"893" 0.0322453297748064 0.0119293545816784 -0.0356969906238906
"894" 0.0319029246302989 -0.0149312428767744 -0.0110880120874229
"895" 0.032823560734851 0.0228371564382364 0.0455492864632795
"896" 0.0330047947137787 0.0307529507749194 -0.0283168213015296
"897" 0.0293906217679595 -0.0491452336286999 0.0060971562536362
"898" 0.0298858883047494 -0.0471144287950569 0.00170986395482072
"899" 0.0308715407508244 -0.0141633276418187 0.0244310725805182
"900" 0.0310657374901869 -0.00917380412192016 0.0143065116175931
"901" 0.0294196979128315 -0.0455354183294928 -0.0119790830662966
"902" 0.0319020159717999 0.0312575145443783 -0.0421738331727981
"903" 0.0306382529554104 -0.0516897009035261 0.00507756632606477
"904" 0.0303541329056262 -0.0430838778117863 -0.0168190347469171
"905" 0.0313752915379198 0.0271772672498879 0.0411411930067261
"906" 0.0291835584467605 -0.0545475056274424 -0.00236715088862203
"907" 0.0313840560279768 0.0116660406992768 -0.0116073923399098
"908" 0.0303183001365486 -0.018401899267977 0.0289077885873273
"909" 0.0320829181691311 0.0229633786405533 -0.052180112137801
"910" 0.0323315762481288 0.0260707301723354 -0.0462487476097444
"911" 0.0286854160686925 -0.0622765211923089 -0.000681248776115024
"912" 0.0325348143424149 0.025685663524237 0.0406395181206339
"913" 0.032701681528884 0.0251784056876853 0.0320323269350198
"914" 0.0328006872304097 0.0193795440317436 0.0210716967327736
"915" 0.0331111536723415 0.0161519792968154 0.0391876730293209
"916" 0.0321916431745903 0.0133813560891107 -0.0339052884729404
"917" 0.0319812043650309 0.0174024775952082 -0.0399543540351439
"918" 0.0316188811729782 -0.0049338812350756 -0.0092975301453358
"919" 0.0324121572706783 0.0250385602317271 0.0407729707337417
"920" 0.0313968903023603 0.0189226421431454 -0.0364996715582138
"921" 0.0291333381757728 -0.0577903327198221 0.00310008977600649
"922" 0.0332418556010939 0.0177619004950793 -0.0311339233283001
"923" 0.0322216265237569 0.0225073339244509 0.0378185641878394
"924" 0.0323845912169331 0.0271726195113898 -0.0408998388359518
"925" 0.0318203990745012 0.0227894116757897 -0.0482811847806838
"926" 0.0317461837830114 0.00315718469890877 0.0300800641222112
"927" 0.0325224269645966 0.0269545449698775 0.0504219701758863
"928" 0.0328369502133227 0.0257229288106284 -0.0322764395785297
"929" 0.0321112850342367 0.0162833083100798 -0.0425235585274385
"930" 0.0332697210347996 0.0256921738133981 0.0420072409568011
"931" 0.0313408452389025 -0.0120193002391899 0.0145688642120671
"932" 0.02987923591672 -0.0606582514596008 -0.00148840240190854
"933" 0.0306226180058335 0.00450043216210737 0.0374029046698787
"934" 0.0324039679152692 0.0222132704959511 -0.0448497668680748
"935" 0.0321849161451185 0.00623241967400085 -0.0433630238645584
"936" 0.0323664543627686 0.0222316087941451 0.0232596348920827
"937" 0.0322497674743026 0.00716044728809849 0.0428204600658986
"938" 0.0336124675298596 0.0301049100787924 0.0419038055520978
"939" 0.0325736688481087 0.0296354854557444 -0.0467087430364855
"940" 0.0314123024840366 -0.0356372243180537 0.00853517089706271
"941" 0.0327800215380792 0.00875280146470708 -0.0345454502100365
"942" 0.0329282419192613 0.0248559577534794 -0.0354825238276931
"943" 0.030301595716249 -0.0536657018456613 -0.00247892098433361
"944" 0.0297294015471275 -0.0578361342154829 0.000189103426015299
"945" 0.0319100799400182 0.0294699431085718 0.0206979303065315
"946" 0.032326068120164 0.0189035900870339 0.0454121936174579
"947" 0.0322581986061757 0.00825782243680167 -0.0438891061377042
"948" 0.0323632029981937 0.0249725192561994 0.0494039918737348
"949" 0.0319418385914453 0.0297943534113697 -0.00156629126928023
"950" 0.0330989306509471 0.0195033655208904 0.036210496185458
"951" 0.0301734495637289 -0.0493032964595054 0.00375341306014839
"952" 0.0323627939631925 0.031803728279886 -0.025950015017843
"953" 0.0329478066027003 0.0275099178128822 -0.0122080644922338
"954" 0.0313681680441847 0.0116298105661154 -0.0387290928900005
"955" 0.0294965516988557 -0.0448669746882272 0.00170370288910791
"956" 0.031244874446575 -0.0159969310908863 0.0311585623475471
"957" 0.0314373568038413 -0.0206499523450789 0.0168526773062587
"958" 0.0326870801351739 0.0190209191657322 0.0258225556697704
"959" 0.0301998733949969 -0.0141623242314833 0.0237795132193708
"960" 0.0320726130831309 0.022819762181152 -0.0190098273562814
"961" 0.0324502528330065 0.0250611810293501 0.0229657394547716
"962" 0.0326888855673868 0.0189334993948818 0.0429570361308702
"963" 0.0310647384921649 -0.0213538701346052 -0.0178425901551009
"964" 0.0295072566228106 -0.0567196785729832 0.0046889775225032
"965" 0.031053297908238 -0.0126587455421236 0.0246881678606591
"966" 0.0321877513555161 0.0256828466785155 -0.0542655868392225
"967" 0.0292355103968248 -0.058049484319039 0.0024876282264476
"968" 0.0324912151355011 0.0308766494058667 -0.0515982060802873
"969" 0.0324321046964519 0.0204905677892194 0.0386620907363906
"970" 0.0308763246141253 -0.0136970949137976 0.00307064817153052
"971" 0.0318049789485487 0.0279297051148457 -0.0361889450491772
"972" 0.0300741337119655 -0.0296336030300325 0.0264516145913917
"973" 0.0325487618927152 0.0224359781063929 0.0393466138842537
"974" 0.0318560210690167 0.0218745475565769 -0.03555247663914
"975" 0.0293325846065286 -0.066760845620328 -0.00348038235359081
"976" 0.0311528743163234 0.0230949341872024 -0.0305392051298122
"977" 0.0302013746396743 -0.028569703064108 0.0144628246920198
"978" 0.0323228649591119 0.028046372427328 0.0549898301958009
"979" 0.0300897984940003 -0.0129864957371502 0.0238877495772281
"980" 0.0327321004135485 0.030588018062554 -0.0470568049286478
"981" 0.0330470233584597 0.0219705551553104 0.0423922877287016
"982" 0.0309166449190113 -0.0413385493465929 0.00065389742895148
"983" 0.0333262058335869 0.0218238007350265 -0.0250462762515417
"984" 0.032283269113794 0.0201761360864768 0.0478808350818747
"985" 0.0304985874907769 -0.0537062848658108 -0.00556165645630165
"986" 0.0316995876575877 0.0261712737616937 -0.0592528219345615
"987" 0.0320521102388978 0.0140696823038983 0.0317366498061551
"988" 0.0314165785863042 0.00116302869638744 -0.0319190960976685
"989" 0.0314559798138545 -0.00455617952892739 -0.0427060163124344
"990" 0.0313823687665899 -0.0148825122787871 0.023410195447853
"991" 0.0327658533659047 0.021108782246743 0.031027714802123
"992" 0.0319407669905252 0.026418170337204 -0.0498476040714079
"993" 0.0311573025449949 -0.0277159921820924 -0.0140217126108604
"994" 0.0327776422907404 0.0251346222129948 0.0437210484196689
"995" 0.0325178805331568 0.0223907757477442 0.0168378101568008
"996" 0.0319442821898418 0.0296130573935092 0.004530658842856
"997" 0.0317605246002914 0.0151838076387014 0.026153632026598
"998" 0.029478278617013 -0.0402247899095518 -0.0198021320009244
"999" 0.0300691072320197 -0.0526771104162929 -0.00564233848304882
"1000" 0.0317805082027709 -0.00127962917970854 -0.0299928553756717
